   id,      z_2d,      z_1d,     zs_1d,        dx,         b,         n
    1,    48.704,    46.704,    45.704,    10.000,    10.000,   0.05000
    2,    49.242,    47.242,    46.242,    14.142,    10.000,   0.05000
    3,    49.523,    47.523,    46.523,    14.142,    10.000,   0.05000
    4,    50.358,    48.358,    47.358,    14.142,    10.000,   0.05000
    5,    51.731,    49.731,    48.731,    10.000,    10.000,   0.05000
    6,    53.299,    51.299,    50.299,    14.142,    10.000,   0.05000
    7,    54.023,    52.023,    51.023,    10.000,    10.000,   0.05000
    8,    54.764,    52.764,    51.764,    14.142,    10.000,   0.05000
    9,    55.696,    53.696,    52.696,    14.142,    10.000,   0.05000
   10,    56.418,    54.418,    53.418,    10.000,    10.000,   0.05000
   11,    57.489,    55.489,    54.489,    14.142,    10.000,   0.05000
   12,    58.410,    56.410,    55.410,    14.142,    10.000,   0.05000
   13,    58.859,    56.859,    55.859,    10.000,    10.000,   0.05000
   14,    59.430,    57.430,    56.430,    10.000,    10.000,   0.05000
   15,    60.605,    58.605,    57.605,    14.142,    10.000,   0.05000
   16,    61.817,    59.817,    58.817,    14.142,    10.000,   0.05000
   17,    63.509,    61.509,    60.509,    14.142,    10.000,   0.05000
   18,    64.947,    62.947,    61.947,    14.142,    10.000,   0.05000
   19,    66.163,    64.163,    63.163,    14.142,    10.000,   0.05000
   20,    66.610,    64.610,    63.610,    10.000,    10.000,   0.05000
   21,    67.338,    65.338,    64.338,    14.142,    10.000,   0.05000
   22,    67.904,    65.904,    64.904,    14.142,    10.000,   0.05000
   23,    68.203,    66.203,    65.203,    10.000,    10.000,   0.05000
   24,    68.989,    66.989,    65.989,    14.142,    10.000,   0.05000
   25,    69.510,    67.510,    66.510,    14.142,    10.000,   0.05000
   26,    69.915,    67.915,    66.915,    10.000,    10.000,   0.05000
   27,    70.646,    68.646,    67.646,    10.000,    10.000,   0.05000
   28,    71.974,    69.974,    68.974,    10.000,    10.000,   0.05000
   29,    72.787,    70.787,    69.787,    10.000,    10.000,   0.05000
   30,    73.722,    71.722,    70.722,    14.142,    10.000,   0.05000
   31,    74.281,    72.281,    71.281,    10.000,    10.000,   0.05000
   32,    75.623,    73.623,    72.623,    14.142,    10.000,   0.05000
   33,    76.698,    74.698,    73.698,    10.000,    10.000,   0.05000
   34,    77.744,    75.744,    74.744,    14.142,    10.000,   0.05000
   35,    78.565,    76.565,    75.565,    10.000,    10.000,   0.05000
   36,    79.947,    77.947,    76.947,    14.142,    10.000,   0.05000
   37,    81.435,    79.435,    78.435,    14.142,    10.000,   0.05000
   38,    82.842,    80.842,    79.842,    14.142,    10.000,   0.05000
   39,    83.525,    81.525,    80.525,    10.000,    10.000,   0.05000
   40,    84.190,    82.190,    81.190,    14.142,    10.000,   0.05000
   41,    84.600,    82.600,    81.600,    10.000,    10.000,   0.05000
   42,    85.343,    83.343,    82.343,    14.142,    10.000,   0.05000
   43,    86.269,    84.269,    83.269,    14.142,    10.000,   0.05000
   44,    86.767,    84.767,    83.767,    10.000,    10.000,   0.05000
   45,    87.606,    85.606,    84.606,    14.142,    10.000,   0.05000
   46,    88.328,    86.328,    85.328,    10.000,    10.000,   0.05000
   47,    89.027,    87.027,    86.027,    10.000,    10.000,   0.05000
   48,    90.070,    88.070,    87.070,    14.142,    10.000,   0.05000
   49,    91.322,    89.322,    88.322,    14.142,    10.000,   0.05000
   50,    92.649,    90.649,    89.649,    10.000,    10.000,   0.05000
   51,    93.626,    91.626,    90.626,    14.142,    10.000,   0.05000
   52,    94.199,    92.199,    91.199,    14.142,    10.000,   0.05000
   53,    94.941,    92.941,    91.941,    14.142,    10.000,   0.05000
   54,    95.645,    93.645,    92.645,    10.000,    10.000,   0.05000
   55,    96.608,    94.608,    93.608,    10.000,    10.000,   0.05000
   56,    97.775,    95.775,    94.775,    14.142,    10.000,   0.05000
   57,    98.628,    96.628,    95.628,    14.142,    10.000,   0.05000
   58,    99.148,    97.148,    96.148,    14.142,    10.000,   0.05000
   59,    99.838,    97.838,    96.838,    10.000,    10.000,   0.05000
   60,   100.576,    98.576,    97.576,    14.142,    10.000,   0.05000
   61,   101.452,    99.452,    98.452,    10.000,    10.000,   0.05000
   62,   102.395,   100.395,    99.395,    14.142,    10.000,   0.05000
   63,   103.423,   101.423,   100.423,    14.142,    10.000,   0.05000
   64,   104.455,   102.455,   101.455,    14.142,    10.000,   0.05000
   65,   105.065,   103.065,   102.065,    14.142,    10.000,   0.05000
   66,   105.934,   103.934,   102.934,    14.142,    10.000,   0.05000
   67,   107.050,   105.050,   104.050,    14.142,    10.000,   0.05000
   68,   108.203,   106.203,   105.203,    10.000,    10.000,   0.05000
   69,   110.198,   108.198,   107.198,    10.000,    10.000,   0.05000
   70,   113.503,   111.503,   110.503,    14.142,    10.000,   0.05000
   71,   117.868,   115.868,   114.868,    10.000,    10.000,   0.05000
   72,   119.682,   117.682,   116.682,    10.000,    10.000,   0.05000
   73,   121.129,   119.129,   118.129,    14.142,    10.000,   0.05000
   74,   122.145,   120.145,   119.145,    10.000,    10.000,   0.05000
   75,   123.466,   121.466,   120.466,    10.000,    10.000,   0.05000
   76,   124.449,   122.449,   121.449,    14.142,    10.000,   0.05000
   77,   125.222,   123.222,   122.222,    10.000,    10.000,   0.05000
   78,   126.237,   124.237,   123.237,    10.000,    10.000,   0.05000
   79,   127.222,   125.222,   124.222,    10.000,    10.000,   0.05000
   80,   128.338,   126.338,   125.338,    14.142,    10.000,   0.05000
   81,   129.137,   127.137,   126.137,    10.000,    10.000,   0.05000
   82,   131.865,   129.865,   128.865,    14.142,    10.000,   0.05000
   83,   133.685,   131.685,   130.685,    10.000,    10.000,   0.05000
   84,   136.385,   134.385,   133.385,    14.142,    10.000,   0.05000
   85,   138.917,   136.917,   135.917,    14.142,    10.000,   0.05000
   86,   141.545,   139.545,   138.545,    14.142,    10.000,   0.05000
   87,   143.817,   141.817,   140.817,    14.142,    10.000,   0.05000
   88,   145.156,   143.156,   142.156,    10.000,    10.000,   0.05000
   89,   146.425,   144.425,   143.425,    14.142,    10.000,   0.05000
   90,   147.473,   145.473,   144.473,    14.142,    10.000,   0.05000
   91,   148.667,   146.667,   145.667,    10.000,    10.000,   0.05000
   92,   150.150,   148.150,   147.150,    10.000,    10.000,   0.05000
   93,   151.300,   149.300,   148.300,    14.142,    10.000,   0.05000
   94,   152.814,   150.814,   149.814,    10.000,    10.000,   0.05000
   95,   154.077,   152.077,   151.077,    10.000,    10.000,   0.05000
   96,   155.070,   153.070,   152.070,    10.000,    10.000,   0.05000
   97,   155.663,   153.663,   152.663,    10.000,    10.000,   0.05000
   98,   156.246,   154.246,   153.246,    10.000,    10.000,   0.05000
   99,   157.572,   155.572,   154.572,    10.000,    10.000,   0.05000
  100,   158.792,   156.792,   155.792,    10.000,    10.000,   0.05000
  101,   159.833,   157.833,   156.833,    10.000,    10.000,   0.05000
  102,   161.341,   159.341,   158.341,    10.000,    10.000,   0.05000
  103,   165.075,   163.075,   162.075,    14.142,    10.000,   0.05000
  104,   174.353,   172.353,   171.353,    10.000,    10.000,   0.05000
  105,   170.918,   168.918,   167.918,    14.142,    10.000,   0.05000
  106,   178.634,   176.634,   175.634,    10.000,    10.000,   0.05000
  107,   175.894,   173.894,   172.894,    14.142,    10.000,   0.05000
  108,   180.775,   178.775,   177.775,    14.142,    10.000,   0.05000
  109,   185.068,   183.068,   182.068,    14.142,    10.000,   0.05000
  110,   187.152,   185.152,   184.152,    10.000,    10.000,   0.05000
  111,   190.557,   188.557,   187.557,    10.000,    10.000,   0.05000
  112,   193.634,   191.634,   190.634,    14.142,    10.000,   0.05000
  113,   195.146,   193.146,   192.146,    10.000,    10.000,   0.05000
  114,   197.294,   195.294,   194.294,    10.000,    10.000,   0.05000
  115,   199.329,   197.329,   196.329,    10.000,    10.000,   0.05000
  116,   201.667,   199.667,   198.667,    14.142,    10.000,   0.05000
  117,   203.749,   201.749,   200.749,    10.000,    10.000,   0.05000
  118,   206.720,   204.720,   203.720,    14.142,    10.000,   0.05000
  119,   210.525,   208.525,   207.525,    14.142,    10.000,   0.05000
  120,   213.429,   211.429,   210.429,    14.142,    10.000,   0.05000
  121,   215.724,   213.724,   212.724,    10.000,    10.000,   0.05000
  122,   216.481,   214.481,   213.481,    14.142,    10.000,   0.05000
  123,   219.804,   217.804,   216.804,    14.142,    10.000,   0.05000
  124,   222.199,   220.199,   219.199,    10.000,    10.000,   0.05000
  125,   226.495,   224.495,   223.495,    10.000,    10.000,   0.05000
  126,   234.263,   232.263,   231.263,    14.142,    10.000,   0.05000
  127,   242.052,   240.052,   239.052,    14.142,    10.000,   0.05000
  128,   249.504,   247.504,   246.504,    14.142,    10.000,   0.05000
  129,   252.045,   250.045,   249.045,    14.142,    10.000,   0.05000
  130,   255.427,   253.427,   252.427,    14.142,    10.000,   0.05000
  131,   258.646,   256.646,   255.646,    14.142,    10.000,   0.05000
  132,   262.607,   260.607,   259.607,    10.000,    10.000,   0.05000
  133,   261.200,   259.200,   258.200,    14.142,    10.000,   0.05000
  134,   264.892,   262.892,   261.892,    14.142,    10.000,   0.05000
  135,   266.554,   264.554,   263.554,    10.000,    10.000,   0.05000
  136,   268.464,   266.464,   265.464,    14.142,    10.000,   0.05000
  137,   270.942,   268.942,   267.942,    14.142,    10.000,   0.05000
  138,   273.411,   271.411,   270.411,    14.142,    10.000,   0.05000
  139,   280.310,   278.310,   277.310,    10.000,    10.000,   0.05000
  140,   279.142,   277.142,   276.142,    10.000,    10.000,   0.05000
  141,   277.489,   275.489,   274.489,    10.000,    10.000,   0.05000
  142,   275.785,   273.785,   272.785,    14.142,    10.000,   0.05000
  143,   283.489,   281.489,   280.489,    10.000,    10.000,   0.05000
  144,   282.607,   280.607,   279.607,    10.000,    10.000,   0.05000
  145,   281.719,   279.719,   278.719,    10.000,    10.000,   0.05000
  146,   281.074,   279.074,   278.074,    14.142,    10.000,   0.05000
  147,   284.089,   282.089,   281.089,    14.142,    10.000,   0.05000
  148,   285.407,   283.407,   282.407,    14.142,    10.000,   0.05000
  149,   286.509,   284.509,   283.509,    10.000,    10.000,   0.05000
  150,   287.120,   285.120,   284.120,    10.000,    10.000,   0.05000
  151,   288.144,   286.144,   285.144,    14.142,    10.000,   0.05000
  152,   288.467,   286.467,   285.467,    10.000,    10.000,   0.05000
  153,   288.827,   286.827,   285.827,    10.000,    10.000,   0.05000
  154,   290.014,   288.014,   287.014,    14.142,    10.000,   0.05000
  155,   292.372,   290.372,   289.372,    14.142,    10.000,   0.05000
  156,   293.986,   291.986,   290.986,    14.142,    10.000,   0.05000
  157,   296.736,   294.736,   293.736,    14.142,    10.000,   0.05000
  158,   299.558,   297.558,   296.558,    14.142,    10.000,   0.05000
  159,   302.382,   300.382,   299.382,    14.142,    10.000,   0.05000
  160,   304.768,   302.768,   301.768,    14.142,    10.000,   0.05000
  161,   307.758,   305.758,   304.758,    14.142,    10.000,   0.05000
  162,   310.204,   308.204,   307.204,    14.142,    10.000,   0.05000
  163,   312.908,   310.908,   309.908,    14.142,    10.000,   0.05000
  164,   315.324,   313.324,   312.324,    14.142,    10.000,   0.05000
  165,   317.354,   315.354,   314.354,    14.142,    10.000,   0.05000
  166,   319.162,   317.162,   316.162,    14.142,    10.000,   0.05000
  167,   321.902,   319.902,   318.902,    14.142,    10.000,   0.05000
  168,   324.615,   322.615,   321.615,    14.142,    10.000,   0.05000
  169,   336.282,   334.282,   333.282,    10.000,    10.000,   0.05000
  170,   334.944,   332.944,   331.944,    10.000,    10.000,   0.05000
  171,   331.886,   329.886,   328.886,    10.000,    10.000,   0.05000
  172,   329.094,   327.094,   326.094,    10.000,    10.000,   0.05000
  173,   327.127,   325.127,   324.127,    14.142,    10.000,   0.05000
  174,   338.531,   336.531,   335.531,    10.000,    10.000,   0.05000
  175,   337.044,   335.044,   334.044,    14.142,    10.000,   0.05000
  176,   394.692,   392.692,   391.692,    10.000,    10.000,   0.05000
  177,   390.111,   388.111,   387.111,    10.000,    10.000,   0.05000
  178,   385.075,   383.075,   382.075,    10.000,    10.000,   0.05000
  179,   381.143,   379.143,   378.143,    10.000,    10.000,   0.05000
  180,   379.456,   377.456,   376.456,    10.000,    10.000,   0.05000
  181,   378.357,   376.357,   375.357,    10.000,    10.000,   0.05000
  182,   376.682,   374.682,   373.682,    10.000,    10.000,   0.05000
  183,   374.262,   372.262,   371.262,    10.000,    10.000,   0.05000
  184,   370.989,   368.989,   367.989,    10.000,    10.000,   0.05000
  185,   367.546,   365.546,   364.546,    10.000,    10.000,   0.05000
  186,   364.225,   362.225,   361.225,    10.000,    10.000,   0.05000
  187,   361.218,   359.218,   358.218,    14.142,    10.000,   0.05000
  188,   346.536,   344.536,   343.536,    10.000,    10.000,   0.05000
  189,   344.499,   342.499,   341.499,    10.000,    10.000,   0.05000
  190,   342.149,   340.149,   339.149,    10.000,    10.000,   0.05000
  191,   340.003,   338.003,   337.003,    14.142,    10.000,   0.05000
  192,   403.073,   401.073,   400.073,    10.000,    10.000,   0.05000
  193,   400.085,   398.085,   397.085,    10.000,    10.000,   0.05000
  194,   397.273,   395.273,   394.273,    14.142,    10.000,   0.05000
  195,   357.908,   355.908,   354.908,    10.000,    10.000,   0.05000
  196,   355.290,   353.290,   352.290,    14.142,    10.000,   0.05000
  197,   349.944,   347.944,   346.944,    14.142,    10.000,   0.05000
  198,   414.010,   412.010,   411.010,    10.000,    10.000,   0.05000
  199,   410.420,   408.420,   407.420,    10.000,    10.000,   0.05000
  200,   408.102,   406.102,   405.102,    14.142,    10.000,   0.05000
  201,   352.945,   350.945,   349.945,    14.142,    10.000,   0.05000
  202,   422.584,   420.584,   419.584,    10.000,    10.000,   0.05000
  203,   418.100,   416.100,   415.100,    14.142,    10.000,   0.05000
  204,   441.245,   439.245,   438.245,    10.000,    10.000,   0.05000
  205,   438.353,   436.353,   435.353,    10.000,    10.000,   0.05000
  206,   434.682,   432.682,   431.682,    10.000,    10.000,   0.05000
  207,   431.453,   429.453,   428.453,    10.000,    10.000,   0.05000
  208,   428.663,   426.663,   425.663,    14.142,    10.000,   0.05000
  209,   444.821,   442.821,   441.821,    14.142,    10.000,   0.05000
  210,   450.488,   448.488,   447.488,    14.142,    10.000,   0.05000
  211,   456.769,   454.769,   453.769,    14.142,    10.000,   0.05000
  212,   472.329,   470.329,   469.329,    10.000,    10.000,   0.05000
  213,   467.599,   465.599,   464.599,    10.000,    10.000,   0.05000
  214,   462.974,   460.974,   459.974,    14.142,    10.000,   0.05000
  215,   482.772,   480.772,   479.772,    10.000,    10.000,   0.05000
  216,   478.041,   476.041,   475.041,    14.142,    10.000,   0.05000
  217,   489.326,   487.326,   486.326,    14.142,    10.000,   0.05000
  218,   503.139,   501.139,   500.139,    10.000,    10.000,   0.05000
  219,   496.587,   494.587,   493.587,    14.142,    10.000,   0.05000
  220,   509.065,   507.065,   506.065,    14.142,    10.000,   0.05000
  221,   513.956,   511.956,   510.956,    14.142,    10.000,   0.05000
  222,   518.459,   516.459,   515.459,    14.142,    10.000,   0.05000
  223,   521.834,   519.834,   518.834,    10.000,    10.000,   0.05000
  224,   527.655,   525.655,   524.655,    14.142,    10.000,   0.05000
  225,   534.950,   532.950,   531.950,    14.142,    10.000,   0.05000
  226,   540.163,   538.163,   537.163,    10.000,    10.000,   0.05000
  227,   548.749,   546.749,   545.749,    14.142,    10.000,   0.05000
  228,   558.144,   556.144,   555.144,    14.142,    10.000,   0.05000
  229,   567.286,   565.286,   564.286,    10.000,    10.000,   0.05000
  230,   561.739,   559.739,   558.739,    10.000,    10.000,   0.05000
  231,   574.018,   572.018,   571.018,    14.142,    10.000,   0.05000
  232,   578.036,   576.036,   575.036,    14.142,    10.000,   0.05000
  233,   582.340,   580.340,   579.340,    14.142,    10.000,   0.05000
  234,   593.885,   591.885,   590.885,    10.000,    10.000,   0.05000
  235,   588.523,   586.523,   585.523,    14.142,    10.000,   0.05000
  236,   601.795,   599.795,   598.795,    10.000,    10.000,   0.05000
  237,   598.104,   596.104,   595.104,    14.142,    10.000,   0.05000
  238,   616.392,   614.392,   613.392,    10.000,    10.000,   0.05000
  239,   610.589,   608.589,   607.589,    14.142,    10.000,   0.05000
  240,   626.133,   624.133,   623.133,    14.142,    10.000,   0.05000
  241,   636.060,   634.060,   633.060,    14.142,    10.000,   0.05000
  242,   643.257,   641.257,   640.257,    14.142,    10.000,   0.05000
  243,   648.335,   646.335,   645.335,    14.142,    10.000,   0.05000
  244,   654.870,   652.870,   651.870,    14.142,    10.000,   0.05000
  245,   664.290,   662.290,   661.290,    14.142,    10.000,   0.05000
  246,   671.366,   669.366,   668.366,    14.142,    10.000,   0.05000
  247,   678.735,   676.735,   675.735,    14.142,    10.000,   0.05000
  248,   686.577,   684.577,   683.577,    14.142,    10.000,   0.05000
  249,   695.334,   693.334,   692.334,    14.142,    10.000,   0.05000
  250,   702.233,   700.233,   699.233,    14.142,    10.000,   0.05000
  251,   713.969,   711.969,   710.969,    10.000,    10.000,   0.05000
  252,   708.651,   706.651,   705.651,    14.142,    10.000,   0.05000
  253,   721.840,   719.840,   718.840,    14.142,    10.000,   0.05000
  254,   732.008,   730.008,   729.008,    10.000,    10.000,   0.05000
  255,   727.798,   725.798,   724.798,    14.142,    10.000,   0.05000
  256,   743.233,   741.233,   740.233,    14.142,    10.000,   0.05000
  257,   756.714,   754.714,   753.714,    10.000,    10.000,   0.05000
  258,   751.208,   749.208,   748.208,    14.142,    10.000,   0.05000
  259,   771.431,   769.431,   768.431,    10.000,    10.000,   0.05000
  260,   765.379,   763.379,   762.379,    14.142,    10.000,   0.05000
  261,   780.676,   778.676,   777.676,    14.142,    10.000,   0.05000
  262,   793.889,   791.889,   790.889,    10.000,    10.000,   0.05000
  263,   788.859,   786.859,   785.859,    14.142,    10.000,   0.05000
  264,   803.804,   801.804,   800.804,    14.142,    10.000,   0.05000
  265,   821.649,   819.649,   818.649,    10.000,    10.000,   0.05000
  266,   814.777,   812.777,   811.777,    14.142,    10.000,   0.05000
  267,   833.447,   831.447,   830.447,    14.142,    10.000,   0.05000
  268,   852.722,   850.722,   849.722,    10.000,    10.000,   0.05000
  269,   844.823,   842.823,   841.823,    14.142,    10.000,   0.05000
  270,   863.451,   861.451,   860.451,    14.142,    10.000,   0.05000
  271,   876.085,   874.085,   873.085,    14.142,    10.000,   0.05000
  272,   889.672,   887.672,   886.672,    14.142,    10.000,   0.05000
  273,   899.626,   897.626,   896.626,    14.142,    10.000,   0.05000
  274,   911.170,   909.170,   908.170,    14.142,    10.000,   0.05000
