          93
      12195.000,      -9825.000,    1,  281,   54, 1573, 1573,
      12185.000,      -9815.000,    2,  280,   55, 1573, 1573,
      12175.000,      -9805.000,    3,  279,   56, 1573, 1573,
      12165.000,      -9795.000,    4,  278,   57, 1586, 1586,
      12155.000,      -9785.000,    5,  277,   58, 1586, 1586,
      12145.000,      -9775.000,    6,  276,   59, 1586, 1586,
      12135.000,      -9765.000,    7,  275,   60, 1598, 1598,
      12135.000,      -9755.000,    8,  275,   61, 1598, 1598,
      12135.000,      -9745.000,    9,  275,   62, 1598, 1598,
      12135.000,      -9735.000,   10,  275,   63, 1608, 1608,
      12135.000,      -9725.000,   11,  275,   64, 1608, 1608,
      12135.000,      -9715.000,   12,  275,   65, 1608, 1608,
      12135.000,      -9705.000,   13,  275,   66, 1622, 1622,
      12135.000,      -9695.000,   14,  275,   67, 1622, 1622,
      12135.000,      -9685.000,   15,  275,   68, 1622, 1622,
      12135.000,      -9675.000,   16,  275,   69, 1630, 1630,
      12135.000,      -9665.000,   17,  275,   70, 1630, 1630,
      12135.000,      -9655.000,   18,  275,   71, 1630, 1630,
      12135.000,      -9645.000,   19,  275,   72, 1643, 1643,
      12125.000,      -9635.000,   20,  274,   73, 1643, 1643,
      12115.000,      -9625.000,   21,  273,   74, 1643, 1643,
      12105.000,      -9615.000,   22,  272,   75, 1656, 1656,
      12115.000,      -9605.000,   23,  273,   76, 1656, 1656,
      12125.000,      -9595.000,   24,  274,   77, 1656, 1656,
      12135.000,      -9555.000,   25,  275,   81, 1680, 1680,
      12135.000,      -9545.000,   26,  275,   82, 1680, 1680,
      12135.000,      -9535.000,   27,  275,   83, 1680, 1680,
      12135.000,      -9525.000,   28,  275,   84, 1692, 1692,
      12125.000,      -9515.000,   29,  274,   85, 1692, 1692,
      12115.000,      -9505.000,   30,  273,   86, 1692, 1692,
      12105.000,      -9495.000,   31,  272,   87, 1707, 1707,
      12105.000,      -9485.000,   32,  272,   88, 1707, 1707,
      12105.000,      -9475.000,   33,  272,   89, 1707, 1707,
      12105.000,      -9465.000,   34,  272,   90, 1718, 1718,
      12095.000,      -9455.000,   35,  271,   91, 1718, 1718,
      12085.000,      -9445.000,   36,  270,   92, 1718, 1718,
      12015.000,      -9435.000,   37,  263,   93, 1730, 1730,
      12005.000,      -9425.000,   38,  262,   94, 1730, 1730,
      11995.000,      -9415.000,   39,  261,   95, 1730, 1730,
      12045.000,      -9435.000,   40,  266,   93, 1731, 1731,
      12035.000,      -9435.000,   41,  265,   93, 1731, 1731,
      12025.000,      -9435.000,   42,  264,   93, 1731, 1731,
      12075.000,      -9435.000,   43,  269,   93, 1732, 1732,
      12065.000,      -9435.000,   44,  268,   93, 1732, 1732,
      12055.000,      -9435.000,   45,  267,   93, 1732, 1732,
      11865.000,      -9405.000,   46,  248,   96, 1746, 1746,
      11855.000,      -9395.000,   47,  247,   97, 1746, 1746,
      11845.000,      -9385.000,   48,  246,   98, 1746, 1746,
      11895.000,      -9405.000,   49,  251,   96, 1747, 1747,
      11885.000,      -9405.000,   50,  250,   96, 1747, 1747,
      11875.000,      -9405.000,   51,  249,   96, 1747, 1747,
      11925.000,      -9405.000,   52,  254,   96, 1748, 1748,
      11915.000,      -9405.000,   53,  253,   96, 1748, 1748,
      11905.000,      -9405.000,   54,  252,   96, 1748, 1748,
      11955.000,      -9405.000,   55,  257,   96, 1749, 1749,
      11945.000,      -9405.000,   56,  256,   96, 1749, 1749,
      11935.000,      -9405.000,   57,  255,   96, 1749, 1749,
      11835.000,      -9375.000,   58,  245,   99, 1761, 1761,
      11835.000,      -9365.000,   59,  245,  100, 1761, 1761,
      11835.000,      -9355.000,   60,  245,  101, 1761, 1761,
      11835.000,      -9345.000,   61,  245,  102, 1767, 1767,
      11835.000,      -9335.000,   62,  245,  103, 1767, 1767,
      11835.000,      -9325.000,   63,  245,  104, 1767, 1767,
      11805.000,      -9105.000,   64,  242,  126, 1796, 1796,
      11795.000,      -9095.000,   65,  241,  127, 1796, 1796,
      11785.000,      -9085.000,   66,  240,  128, 1796, 1796,
      11775.000,      -9075.000,   67,  239,  129, 1800, 1800,
      11775.000,      -9065.000,   68,  239,  130, 1800, 1800,
      11775.000,      -9055.000,   69,  239,  131, 1800, 1800,
      11835.000,      -8985.000,   70,  245,  138, 1815, 1815,
      11835.000,      -8975.000,   71,  245,  139, 1815, 1815,
      11835.000,      -8965.000,   72,  245,  140, 1815, 1815,
      11775.000,      -8835.000,   73,  239,  153, 1843, 1843,
      11765.000,      -8825.000,   74,  238,  154, 1843, 1843,
      11755.000,      -8815.000,   75,  237,  155, 1843, 1843,
      11745.000,      -8775.000,   76,  236,  159, 1855, 1855,
      11755.000,      -8765.000,   77,  237,  160, 1855, 1855,
      11765.000,      -8755.000,   78,  238,  161, 1855, 1855,
      11775.000,      -8715.000,   79,  239,  165, 1865, 1865,
      11775.000,      -8705.000,   80,  239,  166, 1865, 1865,
      11775.000,      -8695.000,   81,  239,  167, 1865, 1865,
      11745.000,      -8625.000,   82,  236,  174, 1878, 1878,
      11735.000,      -8615.000,   83,  235,  175, 1878, 1878,
      11725.000,      -8605.000,   84,  234,  176, 1878, 1878,
      11715.000,      -8535.000,   85,  233,  183, 1891, 1891,
      11715.000,      -8525.000,   86,  233,  184, 1891, 1891,
      11715.000,      -8515.000,   87,  233,  185, 1891, 1891,
      11685.000,      -8475.000,   88,  230,  189, 1900, 1900,
      11695.000,      -8465.000,   89,  231,  190, 1900, 1900,
      11705.000,      -8455.000,   90,  232,  191, 1900, 1900,
      11685.000,      -8325.000,   91,  230,  204, 1920, 1920,
      11685.000,      -8315.000,   92,  230,  205, 1920, 1920,
      11685.000,      -8305.000,   93,  230,  206, 1920, 1920,
