         870
x,y,cvx,cvy,f1x,f1y,f2x,f2y,f3x,f3y,cs                                                              
      12505.000,     -10340.000,  312,    3,    0,    0,    0,    1,    0,    0,    10.000
      12515.000,     -10340.000,  313,    3,    0,    0,    0,    1,    0,    0,    10.000
      12485.000,     -10330.000,  310,    4,    0,    0,    0,    1,    0,    0,    10.000
      12495.000,     -10330.000,  311,    4,    0,    0,    0,    1,    0,    0,    10.000
      12525.000,     -10330.000,  314,    4,    0,    0,    0,    1,    0,    0,    10.000
      12465.000,     -10320.000,  308,    5,    0,    0,    0,    1,    0,    0,    10.000
      12475.000,     -10320.000,  309,    5,    0,    0,    0,    1,    0,    0,    10.000
      12535.000,     -10320.000,  315,    5,    0,    0,    0,    1,    0,    0,    10.000
      12445.000,     -10310.000,  306,    6,    0,    0,    0,    1,    0,    0,    10.000
      12455.000,     -10310.000,  307,    6,    0,    0,    0,    1,    0,    0,    10.000
      12425.000,     -10300.000,  304,    7,    0,    0,    0,    1,    0,    0,    10.000
      12435.000,     -10300.000,  305,    7,    0,    0,    0,    1,    0,    0,    10.000
      12545.000,     -10300.000,  316,    7,    0,    0,    0,    1,    0,    0,    10.000
      12405.000,     -10290.000,  302,    8,    0,    0,    0,    1,    0,    0,    10.000
      12415.000,     -10290.000,  303,    8,    0,    0,    0,    1,    0,    0,    10.000
      12555.000,     -10290.000,  317,    8,    0,    0,    0,    1,    0,    0,    10.000
      12385.000,     -10280.000,  300,    9,    0,    0,    0,    1,    0,    0,    10.000
      12395.000,     -10280.000,  301,    9,    0,    0,    0,    1,    0,    0,    10.000
      12565.000,     -10280.000,  318,    9,    0,    0,    0,    1,    0,    0,    10.000
      12365.000,     -10270.000,  298,   10,    0,    0,    0,    1,    0,    0,    10.000
      12375.000,     -10270.000,  299,   10,    0,    0,    0,    1,    0,    0,    10.000
      12575.000,     -10270.000,  319,   10,    0,    0,    0,    1,    0,    0,    10.000
      12345.000,     -10260.000,  296,   11,    0,    0,    0,    1,    0,    0,    10.000
      12355.000,     -10260.000,  297,   11,    0,    0,    0,    1,    0,    0,    10.000
      12585.000,     -10260.000,  320,   11,    0,    0,    0,    1,    0,    0,    10.000
      12325.000,     -10250.000,  294,   12,    0,    0,    0,    1,    0,    0,    10.000
      12335.000,     -10250.000,  295,   12,    0,    0,    0,    1,    0,    0,    10.000
      12595.000,     -10250.000,  321,   12,    0,    0,    0,    1,    0,    0,    10.000
      12315.000,     -10240.000,  293,   13,    0,    0,    0,    1,    0,    0,    10.000
      12605.000,     -10240.000,  322,   13,    0,    0,    0,    1,    0,    0,    10.000
      12295.000,     -10230.000,  291,   14,    0,    0,    0,    1,    0,    0,    10.000
      12305.000,     -10230.000,  292,   14,    0,    0,    0,    1,    0,    0,    10.000
      12615.000,     -10230.000,  323,   14,    0,    0,    0,    1,    0,    0,    10.000
      12275.000,     -10220.000,  289,   15,    0,    0,    0,    1,    0,    0,    10.000
      12285.000,     -10220.000,  290,   15,    0,    0,    0,    1,    0,    0,    10.000
      12625.000,     -10220.000,  324,   15,    0,    0,    0,    1,    0,    0,    10.000
      12255.000,     -10210.000,  287,   16,    0,    0,    0,    1,    0,    0,    10.000
      12265.000,     -10210.000,  288,   16,    0,    0,    0,    1,    0,    0,    10.000
      12235.000,     -10200.000,  285,   17,    0,    0,    0,    1,    0,    0,    10.000
      12245.000,     -10200.000,  286,   17,    0,    0,    0,    1,    0,    0,    10.000
      12635.000,     -10200.000,  325,   17,    0,    0,    0,    1,    0,    0,    10.000
      12215.000,     -10190.000,  283,   18,    0,    0,    0,    1,    0,    0,    10.000
      12225.000,     -10190.000,  284,   18,    0,    0,    0,    1,    0,    0,    10.000
      12645.000,     -10190.000,  326,   18,    0,    0,    0,    1,    0,    0,    10.000
      12195.000,     -10180.000,  281,   19,    0,    0,    0,    1,    0,    0,    10.000
      12205.000,     -10180.000,  282,   19,    0,    0,    0,    1,    0,    0,    10.000
      12655.000,     -10180.000,  327,   19,    0,    0,    0,    1,    0,    0,    10.000
      12175.000,     -10170.000,  279,   20,    0,    0,    0,    1,    0,    0,    10.000
      12185.000,     -10170.000,  280,   20,    0,    0,    0,    1,    0,    0,    10.000
      12665.000,     -10170.000,  328,   20,    0,    0,    0,    1,    0,    0,    10.000
      12155.000,     -10160.000,  277,   21,    0,    0,    0,    1,    0,    0,    10.000
      12165.000,     -10160.000,  278,   21,    0,    0,    0,    1,    0,    0,    10.000
      12675.000,     -10160.000,  329,   21,    0,    0,    0,    1,    0,    0,    10.000
      12135.000,     -10150.000,  275,   22,    0,    0,    0,    1,    0,    0,    10.000
      12145.000,     -10150.000,  276,   22,    0,    0,    0,    1,    0,    0,    10.000
      12685.000,     -10150.000,  330,   22,    0,    0,    0,    1,    0,    0,    10.000
      12115.000,     -10140.000,  273,   23,    0,    0,    0,    1,    0,    0,    10.000
      12125.000,     -10140.000,  274,   23,    0,    0,    0,    1,    0,    0,    10.000
      12695.000,     -10140.000,  331,   23,    0,    0,    0,    1,    0,    0,    10.000
      12095.000,     -10130.000,  271,   24,    0,    0,    0,    1,    0,    0,    10.000
      12105.000,     -10130.000,  272,   24,    0,    0,    0,    1,    0,    0,    10.000
      12705.000,     -10130.000,  332,   24,    0,    0,    0,    1,    0,    0,    10.000
      12075.000,     -10120.000,  269,   25,    0,    0,    0,    1,    0,    0,    10.000
      12085.000,     -10120.000,  270,   25,    0,    0,    0,    1,    0,    0,    10.000
      12055.000,     -10110.000,  267,   26,    0,    0,    0,    1,    0,    0,    10.000
      12065.000,     -10110.000,  268,   26,    0,    0,    0,    1,    0,    0,    10.000
      12715.000,     -10110.000,  333,   26,    0,    0,    0,    1,    0,    0,    10.000
      12035.000,     -10100.000,  265,   27,    0,    0,    0,    1,    0,    0,    10.000
      12045.000,     -10100.000,  266,   27,    0,    0,    0,    1,    0,    0,    10.000
      12725.000,     -10100.000,  334,   27,    0,    0,    0,    1,    0,    0,    10.000
      12015.000,     -10090.000,  263,   28,    0,    0,    0,    1,    0,    0,    10.000
      12025.000,     -10090.000,  264,   28,    0,    0,    0,    1,    0,    0,    10.000
      12735.000,     -10090.000,  335,   28,    0,    0,    0,    1,    0,    0,    10.000
      11995.000,     -10080.000,  261,   29,    0,    0,    0,    1,    0,    0,    10.000
      12005.000,     -10080.000,  262,   29,    0,    0,    0,    1,    0,    0,    10.000
      12745.000,     -10080.000,  336,   29,    0,    0,    0,    1,    0,    0,    10.000
      11985.000,     -10070.000,  260,   30,    0,    0,    0,    1,    0,    0,    10.000
      12755.000,     -10070.000,  337,   30,    0,    0,    0,    1,    0,    0,    10.000
      11975.000,     -10060.000,  259,   31,    0,    0,    0,    1,    0,    0,    10.000
      12765.000,     -10060.000,  338,   31,    0,    0,    0,    1,    0,    0,    10.000
      11965.000,     -10050.000,  258,   32,    0,    0,    0,    1,    0,    0,    10.000
      12775.000,     -10050.000,  339,   32,    0,    0,    0,    1,    0,    0,    10.000
      11955.000,     -10040.000,  257,   33,    0,    0,    0,    1,    0,    0,    10.000
      12785.000,     -10040.000,  340,   33,    0,    0,    0,    1,    0,    0,    10.000
      11945.000,     -10030.000,  256,   34,    0,    0,    0,    1,    0,    0,    10.000
      12795.000,     -10020.000,  341,   35,    0,    0,    0,    1,    0,    0,    10.000
      11935.000,     -10010.000,  255,   36,    0,    0,    0,    1,    0,    0,    10.000
      12805.000,     -10010.000,  342,   36,    0,    0,    0,    1,    0,    0,    10.000
      11925.000,     -10000.000,  254,   37,    0,    0,    0,    1,    0,    0,    10.000
      12815.000,     -10000.000,  343,   37,    0,    0,    0,    1,    0,    0,    10.000
      11915.000,      -9990.000,  253,   38,    0,    0,    0,    1,    0,    0,    10.000
      11905.000,      -9980.000,  252,   39,    0,    0,    0,    1,    0,    0,    10.000
      11895.000,      -9970.000,  251,   40,    0,    0,    0,    1,    0,    0,    10.000
      11885.000,      -9960.000,  250,   41,    0,    0,    0,    1,    0,    0,    10.000
      11875.000,      -9940.000,  249,   43,    0,    0,    0,    1,    0,    0,    10.000
      11865.000,      -9930.000,  248,   44,    0,    0,    0,    1,    0,    0,    10.000
      11855.000,      -9920.000,  247,   45,    0,    0,    0,    1,    0,    0,    10.000
      11845.000,      -9910.000,  246,   46,    0,    0,    0,    1,    0,    0,    10.000
      11835.000,      -9900.000,  245,   47,    0,    0,    0,    1,    0,    0,    10.000
      11825.000,      -9890.000,  244,   48,    0,    0,    0,    1,    0,    0,    10.000
      11815.000,      -9870.000,  243,   50,    0,    0,    0,    1,    0,    0,    10.000
      11805.000,      -9860.000,  242,   51,    0,    0,    0,    1,    0,    0,    10.000
      11795.000,      -9850.000,  241,   52,    0,    0,    0,    1,    0,    0,    10.000
      11785.000,      -9840.000,  240,   53,    0,    0,    0,    1,    0,    0,    10.000
      11775.000,      -9830.000,  239,   54,    0,    0,    0,    1,    0,    0,    10.000
      11765.000,      -9820.000,  238,   55,    0,    0,    0,    1,    0,    0,    10.000
      11755.000,      -9800.000,  237,   57,    0,    0,    0,    1,    0,    0,    10.000
      11745.000,      -9790.000,  236,   58,    0,    0,    0,    1,    0,    0,    10.000
      11735.000,      -9780.000,  235,   59,    0,    0,    0,    1,    0,    0,    10.000
      11725.000,      -9770.000,  234,   60,    0,    0,    0,    1,    0,    0,    10.000
      11715.000,      -9760.000,  233,   61,    0,    0,    0,    1,    0,    0,    10.000
      11705.000,      -9740.000,  232,   63,    0,    0,    0,    1,    0,    0,    10.000
      11695.000,      -9730.000,  231,   64,    0,    0,    0,    1,    0,    0,    10.000
      11685.000,      -9720.000,  230,   65,    0,    0,    0,    1,    0,    0,    10.000
      11675.000,      -9710.000,  229,   66,    0,    0,    0,    1,    0,    0,    10.000
      11665.000,      -9700.000,  228,   67,    0,    0,    0,    1,    0,    0,    10.000
      11655.000,      -9690.000,  227,   68,    0,    0,    0,    1,    0,    0,    10.000
      11645.000,      -9670.000,  226,   70,    0,    0,    0,    1,    0,    0,    10.000
      11635.000,      -9660.000,  225,   71,    0,    0,    0,    1,    0,    0,    10.000
      11625.000,      -9650.000,  224,   72,    0,    0,    0,    1,    0,    0,    10.000
      11615.000,      -9640.000,  223,   73,    0,    0,    0,    1,    0,    0,    10.000
      11605.000,      -9630.000,  222,   74,    0,    0,    0,    1,    0,    0,    10.000
      11595.000,      -9620.000,  221,   75,    0,    0,    0,    1,    0,    0,    10.000
      11585.000,      -9600.000,  220,   77,    0,    0,    0,    1,    0,    0,    10.000
      11575.000,      -9590.000,  219,   78,    0,    0,    0,    1,    0,    0,    10.000
      11565.000,      -9580.000,  218,   79,    0,    0,    0,    1,    0,    0,    10.000
      11555.000,      -9570.000,  217,   80,    0,    0,    0,    1,    0,    0,    10.000
      11545.000,      -9560.000,  216,   81,    0,    0,    0,    1,    0,    0,    10.000
      11535.000,      -9550.000,  215,   82,    0,    0,    0,    1,    0,    0,    10.000
      11525.000,      -9530.000,  214,   84,    0,    0,    0,    1,    0,    0,    10.000
      11515.000,      -9520.000,  213,   85,    0,    0,    0,    1,    0,    0,    10.000
      11505.000,      -9510.000,  212,   86,    0,    0,    0,    1,    0,    0,    10.000
      11495.000,      -9500.000,  211,   87,    0,    0,    0,    1,    0,    0,    10.000
      11485.000,      -9490.000,  210,   88,    0,    0,    0,    1,    0,    0,    10.000
      11475.000,      -9480.000,  209,   89,    0,    0,    0,    1,    0,    0,    10.000
      11465.000,      -9460.000,  208,   91,    0,    0,    0,    1,    0,    0,    10.000
      11455.000,      -9450.000,  207,   92,    0,    0,    0,    1,    0,    0,    10.000
      11445.000,      -9440.000,  206,   93,    0,    0,    0,    1,    0,    0,    10.000
      11435.000,      -9430.000,  205,   94,    0,    0,    0,    1,    0,    0,    10.000
      11425.000,      -9420.000,  204,   95,    0,    0,    0,    1,    0,    0,    10.000
      11415.000,      -9400.000,  203,   97,    0,    0,    0,    1,    0,    0,    10.000
      11405.000,      -9390.000,  202,   98,    0,    0,    0,    1,    0,    0,    10.000
      11395.000,      -9380.000,  201,   99,    0,    0,    0,    1,    0,    0,    10.000
      11385.000,      -9370.000,  200,  100,    0,    0,    0,    1,    0,    0,    10.000
      11375.000,      -9360.000,  199,  101,    0,    0,    0,    1,    0,    0,    10.000
      11365.000,      -9350.000,  198,  102,    0,    0,    0,    1,    0,    0,    10.000
      11355.000,      -9330.000,  197,  104,    0,    0,    0,    1,    0,    0,    10.000
      11345.000,      -9320.000,  196,  105,    0,    0,    0,    1,    0,    0,    10.000
      11335.000,      -9310.000,  195,  106,    0,    0,    0,    1,    0,    0,    10.000
      11325.000,      -9290.000,  194,  108,    0,    0,    0,    1,    0,    0,    10.000
      11315.000,      -9270.000,  193,  110,    0,    0,    0,    1,    0,    0,    10.000
      11305.000,      -9260.000,  192,  111,    0,    0,    0,    1,    0,    0,    10.000
      11295.000,      -9240.000,  191,  113,    0,    0,    0,    1,    0,    0,    10.000
      11285.000,      -9220.000,  190,  115,    0,    0,    0,    1,    0,    0,    10.000
      11275.000,      -9210.000,  189,  116,    0,    0,    0,    1,    0,    0,    10.000
      11265.000,      -9190.000,  188,  118,    0,    0,    0,    1,    0,    0,    10.000
      11255.000,      -9170.000,  187,  120,    0,    0,    0,    1,    0,    0,    10.000
      11245.000,      -9160.000,  186,  121,    0,    0,    0,    1,    0,    0,    10.000
      11235.000,      -9140.000,  185,  123,    0,    0,    0,    1,    0,    0,    10.000
      11225.000,      -9120.000,  184,  125,    0,    0,    0,    1,    0,    0,    10.000
      11215.000,      -9110.000,  183,  126,    0,    0,    0,    1,    0,    0,    10.000
      11205.000,      -9090.000,  182,  128,    0,    0,    0,    1,    0,    0,    10.000
      11195.000,      -9070.000,  181,  130,    0,    0,    0,    1,    0,    0,    10.000
      11185.000,      -9050.000,  180,  132,    0,    0,    0,    1,    0,    0,    10.000
      11175.000,      -9040.000,  179,  133,    0,    0,    0,    1,    0,    0,    10.000
      11165.000,      -9020.000,  178,  135,    0,    0,    0,    1,    0,    0,    10.000
      11155.000,      -9000.000,  177,  137,    0,    0,    0,    1,    0,    0,    10.000
      11145.000,      -8990.000,  176,  138,    0,    0,    0,    1,    0,    0,    10.000
      11135.000,      -8970.000,  175,  140,    0,    0,    0,    1,    0,    0,    10.000
      11125.000,      -8950.000,  174,  142,    0,    0,    0,    1,    0,    0,    10.000
      11115.000,      -8940.000,  173,  143,    0,    0,    0,    1,    0,    0,    10.000
      11105.000,      -8920.000,  172,  145,    0,    0,    0,    1,    0,    0,    10.000
      11095.000,      -8900.000,  171,  147,    0,    0,    0,    1,    0,    0,    10.000
      11085.000,      -8890.000,  170,  148,    0,    0,    0,    1,    0,    0,    10.000
      11075.000,      -8870.000,  169,  150,    0,    0,    0,    1,    0,    0,    10.000
      11065.000,      -8850.000,  168,  152,    0,    0,    0,    1,    0,    0,    10.000
      11055.000,      -8840.000,  167,  153,    0,    0,    0,    1,    0,    0,    10.000
      11045.000,      -8820.000,  166,  155,    0,    0,    0,    1,    0,    0,    10.000
      11035.000,      -8800.000,  165,  157,    0,    0,    0,    1,    0,    0,    10.000
      11025.000,      -8780.000,  164,  159,    0,    0,    0,    1,    0,    0,    10.000
      11015.000,      -8770.000,  163,  160,    0,    0,    0,    1,    0,    0,    10.000
      11005.000,      -8750.000,  162,  162,    0,    0,    0,    1,    0,    0,    10.000
      12695.000,      -8740.000,  331,  163,    0,    0,    0,    1,    0,    0,    10.000
      10995.000,      -8730.000,  161,  164,    0,    0,    0,    1,    0,    0,    10.000
      10985.000,      -8720.000,  160,  165,    0,    0,    0,    1,    0,    0,    10.000
      10975.000,      -8700.000,  159,  167,    0,    0,    0,    1,    0,    0,    10.000
      10965.000,      -8680.000,  158,  169,    0,    0,    0,    1,    0,    0,    10.000
      10955.000,      -8670.000,  157,  170,    0,    0,    0,    1,    0,    0,    10.000
      12705.000,      -8670.000,  332,  170,    0,    0,    0,    1,    0,    0,    10.000
      10945.000,      -8650.000,  156,  172,    0,    0,    0,    1,    0,    0,    10.000
      10935.000,      -8630.000,  155,  174,    0,    0,    0,    1,    0,    0,    10.000
      10925.000,      -8620.000,  154,  175,    0,    0,    0,    1,    0,    0,    10.000
      10915.000,      -8600.000,  153,  177,    0,    0,    0,    1,    0,    0,    10.000
      12715.000,      -8590.000,  333,  178,    0,    0,    0,    1,    0,    0,    10.000
      10905.000,      -8580.000,  152,  179,    0,    0,    0,    1,    0,    0,    10.000
      10895.000,      -8560.000,  151,  181,    0,    0,    0,    1,    0,    0,    10.000
      10885.000,      -8550.000,  150,  182,    0,    0,    0,    1,    0,    0,    10.000
      10875.000,      -8530.000,  149,  184,    0,    0,    0,    1,    0,    0,    10.000
      12725.000,      -8520.000,  334,  185,    0,    0,    0,    1,    0,    0,    10.000
      10865.000,      -8510.000,  148,  186,    0,    0,    0,    1,    0,    0,    10.000
      10855.000,      -8500.000,  147,  187,    0,    0,    0,    1,    0,    0,    10.000
      10845.000,      -8480.000,  146,  189,    0,    0,    0,    1,    0,    0,    10.000
      10835.000,      -8460.000,  145,  191,    0,    0,    0,    1,    0,    0,    10.000
      10825.000,      -8450.000,  144,  192,    0,    0,    0,    1,    0,    0,    10.000
      12735.000,      -8440.000,  335,  193,    0,    0,    0,    1,    0,    0,    10.000
      10815.000,      -8430.000,  143,  194,    0,    0,    0,    1,    0,    0,    10.000
      10805.000,      -8410.000,  142,  196,    0,    0,    0,    1,    0,    0,    10.000
      10795.000,      -8400.000,  141,  197,    0,    0,    0,    1,    0,    0,    10.000
      10785.000,      -8380.000,  140,  199,    0,    0,    0,    1,    0,    0,    10.000
      12745.000,      -8370.000,  336,  200,    0,    0,    0,    1,    0,    0,    10.000
      10775.000,      -8360.000,  139,  201,    0,    0,    0,    1,    0,    0,    10.000
      10765.000,      -8350.000,  138,  202,    0,    0,    0,    1,    0,    0,    10.000
      10755.000,      -8330.000,  137,  204,    0,    0,    0,    1,    0,    0,    10.000
      10745.000,      -8310.000,  136,  206,    0,    0,    0,    1,    0,    0,    10.000
      10735.000,      -8290.000,  135,  208,    0,    0,    0,    1,    0,    0,    10.000
      12755.000,      -8290.000,  337,  208,    0,    0,    0,    1,    0,    0,    10.000
      10725.000,      -8280.000,  134,  209,    0,    0,    0,    1,    0,    0,    10.000
      10715.000,      -8260.000,  133,  211,    0,    0,    0,    1,    0,    0,    10.000
      10705.000,      -8240.000,  132,  213,    0,    0,    0,    1,    0,    0,    10.000
      10695.000,      -8230.000,  131,  214,    0,    0,    0,    1,    0,    0,    10.000
      12765.000,      -8220.000,  338,  215,    0,    0,    0,    1,    0,    0,    10.000
      10685.000,      -8210.000,  130,  216,    0,    0,    0,    1,    0,    0,    10.000
      10675.000,      -8190.000,  129,  218,    0,    0,    0,    1,    0,    0,    10.000
      10665.000,      -8180.000,  128,  219,    0,    0,    0,    1,    0,    0,    10.000
      10655.000,      -8160.000,  127,  221,    0,    0,    0,    1,    0,    0,    10.000
      12775.000,      -8150.000,  339,  222,    0,    0,    0,    1,    0,    0,    10.000
      10645.000,      -8140.000,  126,  223,    0,    0,    0,    1,    0,    0,    10.000
      10635.000,      -8130.000,  125,  224,    0,    0,    0,    1,    0,    0,    10.000
      10625.000,      -8110.000,  124,  226,    0,    0,    0,    1,    0,    0,    10.000
      12785.000,      -8100.000,  340,  227,    0,    0,    0,    1,    0,    0,    10.000
      10615.000,      -8090.000,  123,  228,    0,    0,    0,    1,    0,    0,    10.000
      10605.000,      -8070.000,  122,  230,    0,    0,    0,    1,    0,    0,    10.000
      10595.000,      -8050.000,  121,  232,    0,    0,    0,    1,    0,    0,    10.000
      12795.000,      -8040.000,  341,  233,    0,    0,    0,    1,    0,    0,    10.000
      10585.000,      -8030.000,  120,  234,    0,    0,    0,    1,    0,    0,    10.000
      10575.000,      -8010.000,  119,  236,    0,    0,    0,    1,    0,    0,    10.000
      10565.000,      -7990.000,  118,  238,    0,    0,    0,    1,    0,    0,    10.000
      12805.000,      -7990.000,  342,  238,    0,    0,    0,    1,    0,    0,    10.000
      10555.000,      -7970.000,  117,  240,    0,    0,    0,    1,    0,    0,    10.000
      10545.000,      -7960.000,  116,  241,    0,    0,    0,    1,    0,    0,    10.000
      10535.000,      -7940.000,  115,  243,    0,    0,    0,    1,    0,    0,    10.000
      12815.000,      -7940.000,  343,  243,    0,    0,    0,    1,    0,    0,    10.000
      10525.000,      -7920.000,  114,  245,    0,    0,    0,    1,    0,    0,    10.000
      10515.000,      -7900.000,  113,  247,    0,    0,    0,    1,    0,    0,    10.000
      10505.000,      -7880.000,  112,  249,    0,    0,    0,    1,    0,    0,    10.000
      12825.000,      -7880.000,  344,  249,    0,    0,    0,    1,    0,    0,    10.000
      10495.000,      -7860.000,  111,  251,    0,    0,    0,    1,    0,    0,    10.000
      10485.000,      -7840.000,  110,  253,    0,    0,    0,    1,    0,    0,    10.000
      12835.000,      -7830.000,  345,  254,    0,    0,    0,    1,    0,    0,    10.000
      10475.000,      -7820.000,  109,  255,    0,    0,    0,    1,    0,    0,    10.000
      10465.000,      -7800.000,  108,  257,    0,    0,    0,    1,    0,    0,    10.000
      10455.000,      -7780.000,  107,  259,    0,    0,    0,    1,    0,    0,    10.000
      12845.000,      -7780.000,  346,  259,    0,    0,    0,    1,    0,    0,    10.000
      10445.000,      -7760.000,  106,  261,    0,    0,    0,    1,    0,    0,    10.000
      10435.000,      -7740.000,  105,  263,    0,    0,    0,    1,    0,    0,    10.000
      10425.000,      -7720.000,  104,  265,    0,    0,    0,    1,    0,    0,    10.000
      12855.000,      -7720.000,  347,  265,    0,    0,    0,    1,    0,    0,    10.000
      10415.000,      -7710.000,  103,  266,    0,    0,    0,    1,    0,    0,    10.000
      10405.000,      -7690.000,  102,  268,    0,    0,    0,    1,    0,    0,    10.000
      10395.000,      -7670.000,  101,  270,    0,    0,    0,    1,    0,    0,    10.000
      12865.000,      -7670.000,  348,  270,    0,    0,    0,    1,    0,    0,    10.000
      10385.000,      -7650.000,  100,  272,    0,    0,    0,    1,    0,    0,    10.000
      10375.000,      -7630.000,   99,  274,    0,    0,    0,    1,    0,    0,    10.000
      12875.000,      -7620.000,  349,  275,    0,    0,    0,    1,    0,    0,    10.000
      10365.000,      -7610.000,   98,  276,    0,    0,    0,    1,    0,    0,    10.000
      10355.000,      -7590.000,   97,  278,    0,    0,    0,    1,    0,    0,    10.000
      10345.000,      -7570.000,   96,  280,    0,    0,    0,    1,    0,    0,    10.000
      12885.000,      -7560.000,  350,  281,    0,    0,    0,    1,    0,    0,    10.000
      10335.000,      -7550.000,   95,  282,    0,    0,    0,    1,    0,    0,    10.000
      10325.000,      -7530.000,   94,  284,    0,    0,    0,    1,    0,    0,    10.000
      10315.000,      -7510.000,   93,  286,    0,    0,    0,    1,    0,    0,    10.000
      12895.000,      -7510.000,  351,  286,    0,    0,    0,    1,    0,    0,    10.000
      10305.000,      -7490.000,   92,  288,    0,    0,    0,    1,    0,    0,    10.000
      10295.000,      -7470.000,   91,  290,    0,    0,    0,    1,    0,    0,    10.000
      10285.000,      -7460.000,   90,  291,    0,    0,    0,    1,    0,    0,    10.000
      12905.000,      -7460.000,  352,  291,    0,    0,    0,    1,    0,    0,    10.000
      10275.000,      -7440.000,   89,  293,    0,    0,    0,    1,    0,    0,    10.000
      10265.000,      -7420.000,   88,  295,    0,    0,    0,    1,    0,    0,    10.000
      10255.000,      -7400.000,   87,  297,    0,    0,    0,    1,    0,    0,    10.000
      12915.000,      -7400.000,  353,  297,    0,    0,    0,    1,    0,    0,    10.000
      10245.000,      -7380.000,   86,  299,    0,    0,    0,    1,    0,    0,    10.000
      10235.000,      -7360.000,   85,  301,    0,    0,    0,    1,    0,    0,    10.000
      12925.000,      -7350.000,  354,  302,    0,    0,    0,    1,    0,    0,    10.000
      10225.000,      -7340.000,   84,  303,    0,    0,    0,    1,    0,    0,    10.000
      10215.000,      -7320.000,   83,  305,    0,    0,    0,    1,    0,    0,    10.000
      10205.000,      -7300.000,   82,  307,    0,    0,    0,    1,    0,    0,    10.000
      12935.000,      -7300.000,  355,  307,    0,    0,    0,    1,    0,    0,    10.000
      10195.000,      -7280.000,   81,  309,    0,    0,    0,    1,    0,    0,    10.000
      10185.000,      -7260.000,   80,  311,    0,    0,    0,    1,    0,    0,    10.000
      10175.000,      -7240.000,   79,  313,    0,    0,    0,    1,    0,    0,    10.000
      12945.000,      -7240.000,  356,  313,    0,    0,    0,    1,    0,    0,    10.000
      10165.000,      -7230.000,   78,  314,    0,    0,    0,    1,    0,    0,    10.000
      10155.000,      -7210.000,   77,  316,    0,    0,    0,    1,    0,    0,    10.000
      12955.000,      -7190.000,  357,  318,    0,    0,    0,    1,    0,    0,    10.000
      10145.000,      -7180.000,   76,  319,    0,    0,    0,    1,    0,    0,    10.000
      10135.000,      -7160.000,   75,  321,    0,    0,    0,    1,    0,    0,    10.000
      10125.000,      -7130.000,   74,  324,    0,    0,    0,    1,    0,    0,    10.000
      12965.000,      -7130.000,  358,  324,    0,    0,    0,    1,    0,    0,    10.000
      10115.000,      -7110.000,   73,  326,    0,    0,    0,    1,    0,    0,    10.000
      10105.000,      -7090.000,   72,  328,    0,    0,    0,    1,    0,    0,    10.000
      12975.000,      -7080.000,  359,  329,    0,    0,    0,    1,    0,    0,    10.000
      10095.000,      -7060.000,   71,  331,    0,    0,    0,    1,    0,    0,    10.000
      10085.000,      -7040.000,   70,  333,    0,    0,    0,    1,    0,    0,    10.000
      12985.000,      -7030.000,  360,  334,    0,    0,    0,    1,    0,    0,    10.000
      10075.000,      -7010.000,   69,  336,    0,    0,    0,    1,    0,    0,    10.000
      10065.000,      -6990.000,   68,  338,    0,    0,    0,    1,    0,    0,    10.000
      12995.000,      -6980.000,  361,  339,    0,    0,    0,    1,    0,    0,    10.000
      10055.000,      -6970.000,   67,  340,    0,    0,    0,    1,    0,    0,    10.000
      10045.000,      -6940.000,   66,  343,    0,    0,    0,    1,    0,    0,    10.000
      10035.000,      -6920.000,   65,  345,    0,    0,    0,    1,    0,    0,    10.000
      13005.000,      -6920.000,  362,  345,    0,    0,    0,    1,    0,    0,    10.000
      10025.000,      -6890.000,   64,  348,    0,    0,    0,    1,    0,    0,    10.000
      10015.000,      -6870.000,   63,  350,    0,    0,    0,    1,    0,    0,    10.000
      13015.000,      -6870.000,  363,  350,    0,    0,    0,    1,    0,    0,    10.000
      10005.000,      -6850.000,   62,  352,    0,    0,    0,    1,    0,    0,    10.000
       9995.000,      -6820.000,   61,  355,    0,    0,    0,    1,    0,    0,    10.000
      13025.000,      -6820.000,  364,  355,    0,    0,    0,    1,    0,    0,    10.000
       9985.000,      -6800.000,   60,  357,    0,    0,    0,    1,    0,    0,    10.000
       9975.000,      -6780.000,   59,  359,    0,    0,    0,    1,    0,    0,    10.000
      13035.000,      -6760.000,  365,  361,    0,    0,    0,    1,    0,    0,    10.000
       9965.000,      -6750.000,   58,  362,    0,    0,    0,    1,    0,    0,    10.000
       9955.000,      -6730.000,   57,  364,    0,    0,    0,    1,    0,    0,    10.000
      13045.000,      -6710.000,  366,  366,    0,    0,    0,    1,    0,    0,    10.000
       9945.000,      -6700.000,   56,  367,    0,    0,    0,    1,    0,    0,    10.000
       9935.000,      -6680.000,   55,  369,    0,    0,    0,    1,    0,    0,    10.000
       9925.000,      -6660.000,   54,  371,    0,    0,    0,    1,    0,    0,    10.000
      13055.000,      -6660.000,  367,  371,    0,    0,    0,    1,    0,    0,    10.000
       9915.000,      -6630.000,   53,  374,    0,    0,    0,    1,    0,    0,    10.000
       9905.000,      -6610.000,   52,  376,    0,    0,    0,    1,    0,    0,    10.000
      13065.000,      -6610.000,  368,  376,    0,    0,    0,    1,    0,    0,    10.000
       9895.000,      -6580.000,   51,  379,    0,    0,    0,    1,    0,    0,    10.000
       9885.000,      -6560.000,   50,  381,    0,    0,    0,    1,    0,    0,    10.000
      13075.000,      -6550.000,  369,  382,    0,    0,    0,    1,    0,    0,    10.000
       9875.000,      -6540.000,   49,  383,    0,    0,    0,    1,    0,    0,    10.000
       9865.000,      -6510.000,   48,  386,    0,    0,    0,    1,    0,    0,    10.000
      13085.000,      -6500.000,  370,  387,    0,    0,    0,    1,    0,    0,    10.000
       9855.000,      -6490.000,   47,  388,    0,    0,    0,    1,    0,    0,    10.000
       9845.000,      -6460.000,   46,  391,    0,    0,    0,    1,    0,    0,    10.000
      13095.000,      -6450.000,  371,  392,    0,    0,    0,    1,    0,    0,    10.000
       9835.000,      -6440.000,   45,  393,    0,    0,    0,    1,    0,    0,    10.000
       9825.000,      -6420.000,   44,  395,    0,    0,    0,    1,    0,    0,    10.000
      13105.000,      -6400.000,  372,  397,    0,    0,    0,    1,    0,    0,    10.000
       9815.000,      -6390.000,   43,  398,    0,    0,    0,    1,    0,    0,    10.000
       9805.000,      -6370.000,   42,  400,    0,    0,    0,    1,    0,    0,    10.000
       9795.000,      -6340.000,   41,  403,    0,    0,    0,    1,    0,    0,    10.000
      13115.000,      -6340.000,  373,  403,    0,    0,    0,    1,    0,    0,    10.000
       9785.000,      -6320.000,   40,  405,    0,    0,    0,    1,    0,    0,    10.000
       9775.000,      -6300.000,   39,  407,    0,    0,    0,    1,    0,    0,    10.000
      13125.000,      -6290.000,  374,  408,    0,    0,    0,    1,    0,    0,    10.000
       9765.000,      -6270.000,   38,  410,    0,    0,    0,    1,    0,    0,    10.000
       9755.000,      -6250.000,   37,  412,    0,    0,    0,    1,    0,    0,    10.000
      13135.000,      -6240.000,  375,  413,    0,    0,    0,    1,    0,    0,    10.000
       9745.000,      -6220.000,   36,  415,    0,    0,    0,    1,    0,    0,    10.000
       9735.000,      -6190.000,   35,  418,    0,    0,    0,    1,    0,    0,    10.000
      13145.000,      -6190.000,  376,  418,    0,    0,    0,    1,    0,    0,    10.000
       9725.000,      -6160.000,   34,  421,    0,    0,    0,    1,    0,    0,    10.000
      13155.000,      -6130.000,  377,  424,    0,    0,    0,    1,    0,    0,    10.000
       9715.000,      -6120.000,   33,  425,    0,    0,    0,    1,    0,    0,    10.000
       9705.000,      -6090.000,   32,  428,    0,    0,    0,    1,    0,    0,    10.000
      13165.000,      -6080.000,  378,  429,    0,    0,    0,    1,    0,    0,    10.000
       9695.000,      -6060.000,   31,  431,    0,    0,    0,    1,    0,    0,    10.000
      13175.000,      -6040.000,  379,  433,    0,    0,    0,    1,    0,    0,    10.000
       9685.000,      -6020.000,   30,  435,    0,    0,    0,    1,    0,    0,    10.000
      13185.000,      -6000.000,  380,  437,    0,    0,    0,    1,    0,    0,    10.000
       9675.000,      -5990.000,   29,  438,    0,    0,    0,    1,    0,    0,    10.000
       9665.000,      -5960.000,   28,  441,    0,    0,    0,    1,    0,    0,    10.000
      13195.000,      -5960.000,  381,  441,    0,    0,    0,    1,    0,    0,    10.000
      13205.000,      -5930.000,  382,  444,    0,    0,    0,    1,    0,    0,    10.000
       9655.000,      -5920.000,   27,  445,    0,    0,    0,    1,    0,    0,    10.000
       9645.000,      -5890.000,   26,  448,    0,    0,    0,    1,    0,    0,    10.000
      13215.000,      -5890.000,  383,  448,    0,    0,    0,    1,    0,    0,    10.000
       9635.000,      -5860.000,   25,  451,    0,    0,    0,    1,    0,    0,    10.000
      13225.000,      -5850.000,  384,  452,    0,    0,    0,    1,    0,    0,    10.000
       9625.000,      -5830.000,   24,  454,    0,    0,    0,    1,    0,    0,    10.000
      13235.000,      -5810.000,  385,  456,    0,    0,    0,    1,    0,    0,    10.000
       9615.000,      -5790.000,   23,  458,    0,    0,    0,    1,    0,    0,    10.000
      13245.000,      -5780.000,  386,  459,    0,    0,    0,    1,    0,    0,    10.000
       9605.000,      -5760.000,   22,  461,    0,    0,    0,    1,    0,    0,    10.000
      13255.000,      -5740.000,  387,  463,    0,    0,    0,    1,    0,    0,    10.000
       9595.000,      -5730.000,   21,  464,    0,    0,    0,    1,    0,    0,    10.000
      13265.000,      -5700.000,  388,  467,    0,    0,    0,    1,    0,    0,    10.000
       9585.000,      -5690.000,   20,  468,    0,    0,    0,    1,    0,    0,    10.000
       9575.000,      -5660.000,   19,  471,    0,    0,    0,    1,    0,    0,    10.000
      13275.000,      -5660.000,  389,  471,    0,    0,    0,    1,    0,    0,    10.000
       9565.000,      -5630.000,   18,  474,    0,    0,    0,    1,    0,    0,    10.000
      13285.000,      -5630.000,  390,  474,    0,    0,    0,    1,    0,    0,    10.000
       9555.000,      -5590.000,   17,  478,    0,    0,    0,    1,    0,    0,    10.000
      13295.000,      -5590.000,  391,  478,    0,    0,    0,    1,    0,    0,    10.000
       9545.000,      -5560.000,   16,  481,    0,    0,    0,    1,    0,    0,    10.000
      13305.000,      -5550.000,  392,  482,    0,    0,    0,    1,    0,    0,    10.000
       9535.000,      -5530.000,   15,  484,    0,    0,    0,    1,    0,    0,    10.000
      13315.000,      -5510.000,  393,  486,    0,    0,    0,    1,    0,    0,    10.000
       9525.000,      -5500.000,   14,  487,    0,    0,    0,    1,    0,    0,    10.000
      13325.000,      -5480.000,  394,  489,    0,    0,    0,    1,    0,    0,    10.000
       9515.000,      -5460.000,   13,  491,    0,    0,    0,    1,    0,    0,    10.000
      13335.000,      -5440.000,  395,  493,    0,    0,    0,    1,    0,    0,    10.000
       9505.000,      -5430.000,   12,  494,    0,    0,    0,    1,    0,    0,    10.000
       9495.000,      -5400.000,   11,  497,    0,    0,    0,    1,    0,    0,    10.000
      13345.000,      -5400.000,  396,  497,    0,    0,    0,    1,    0,    0,    10.000
       9485.000,      -5360.000,   10,  501,    0,    0,    0,    1,    0,    0,    10.000
      13355.000,      -5360.000,  397,  501,    0,    0,    0,    1,    0,    0,    10.000
       9475.000,      -5330.000,    9,  504,    0,    0,    0,    1,    0,    0,    10.000
      13365.000,      -5330.000,  398,  504,    0,    0,    0,    1,    0,    0,    10.000
       9465.000,      -5300.000,    8,  507,    0,    0,    0,    1,    0,    0,    10.000
      13375.000,      -5290.000,  399,  508,    0,    0,    0,    1,    0,    0,    10.000
      13385.000,      -5250.000,  400,  512,    0,    0,    0,    1,    0,    0,    10.000
      13395.000,      -5210.000,  401,  516,    0,    0,    0,    1,    0,    0,    10.000
       9455.000,      -5170.000,    7,  520,    0,    0,    0,    1,    0,    0,    10.000
      13405.000,      -5170.000,  402,  520,    0,    0,    0,    1,    0,    0,    10.000
      13415.000,      -5140.000,  403,  523,    0,    0,    0,    1,    0,    0,    10.000
      13425.000,      -5100.000,  404,  527,    0,    0,    0,    1,    0,    0,    10.000
      13435.000,      -5060.000,  405,  531,    0,    0,    0,    1,    0,    0,    10.000
       9445.000,      -5020.000,    6,  535,    0,    0,    0,    1,    0,    0,    10.000
      13445.000,      -5020.000,  406,  535,    0,    0,    0,    1,    0,    0,    10.000
      13455.000,      -4990.000,  407,  538,    0,    0,    0,    1,    0,    0,    10.000
      13465.000,      -4950.000,  408,  542,    0,    0,    0,    1,    0,    0,    10.000
      13475.000,      -4910.000,  409,  546,    0,    0,    0,    1,    0,    0,    10.000
       9435.000,      -4870.000,    5,  550,    0,    0,    0,    1,    0,    0,    10.000
      13485.000,      -4850.000,  410,  552,    0,    0,    0,    1,    0,    0,    10.000
      13495.000,      -4800.000,  411,  557,    0,    0,    0,    1,    0,    0,    10.000
      13505.000,      -4740.000,  412,  563,    0,    0,    0,    1,    0,    0,    10.000
       9425.000,      -4720.000,    4,  565,    0,    0,    0,    1,    0,    0,    10.000
      13515.000,      -4680.000,  413,  569,    0,    0,    0,    1,    0,    0,    10.000
      13525.000,      -4620.000,  414,  575,    0,    0,    0,    1,    0,    0,    10.000
       9415.000,      -4570.000,    3,  580,    0,    0,    0,    1,    0,    0,    10.000
      13535.000,      -4560.000,  415,  581,    0,    0,    0,    1,    0,    0,    10.000
      13545.000,      -4500.000,  416,  587,    0,    0,    0,    1,    0,    0,    10.000
      13555.000,      -4450.000,  417,  592,    0,    0,    0,    1,    0,    0,    10.000
       9405.000,      -4430.000,    2,  594,    0,    0,    0,    1,    0,    0,    10.000
      13565.000,      -4390.000,  418,  598,    0,    0,    0,    1,    0,    0,    10.000
      13575.000,      -4330.000,  419,  604,    0,    0,    0,    1,    0,    0,    10.000
      13585.000,      -4270.000,  420,  610,    0,    0,    0,    1,    0,    0,    10.000
      13595.000,      -4210.000,  421,  616,    0,    0,    0,    1,    0,    0,    10.000
      13605.000,      -4150.000,  422,  622,    0,    0,    0,    1,    0,    0,    10.000
      13615.000,      -4100.000,  423,  627,    0,    0,    0,    1,    0,    0,    10.000
      12815.000,      -9960.000,  343,   41,    0,   -1,    0,   -1,    0,   -2,    10.000
      12805.000,      -9900.000,  342,   47,    0,   -1,    0,   -1,    0,   -2,    10.000
      12795.000,      -9850.000,  341,   52,    0,   -1,    0,   -1,    0,   -2,    10.000
      12785.000,      -9790.000,  340,   58,    0,   -1,    0,   -1,    0,   -2,    10.000
      12775.000,      -9740.000,  339,   63,    0,   -1,    0,   -1,    0,   -2,    10.000
      12765.000,      -9680.000,  338,   69,    0,   -1,    0,   -1,    0,   -2,    10.000
      12755.000,      -9630.000,  337,   74,    0,   -1,    0,   -1,    0,   -2,    10.000
      12745.000,      -9570.000,  336,   80,    0,   -1,    0,   -1,    0,   -2,    10.000
      12735.000,      -9510.000,  335,   86,    0,   -1,    0,   -1,    0,   -2,    10.000
      12725.000,      -9370.000,  334,  100,    0,   -1,    0,   -1,    0,   -2,    10.000
      12715.000,      -9230.000,  333,  114,    0,   -1,    0,   -1,    0,   -2,    10.000
      12705.000,      -9090.000,  332,  128,    0,   -1,    0,   -1,    0,   -2,    10.000
      12695.000,      -8950.000,  331,  142,    0,   -1,    0,   -1,    0,   -2,    10.000
       9405.000,      -4360.000,    2,  601,    0,   -1,    0,   -1,    0,   -2,    10.000
       9415.000,      -4290.000,    3,  608,    0,   -1,    0,   -1,    0,   -2,    10.000
       9425.000,      -4220.000,    4,  615,    0,   -1,    0,   -1,    0,   -2,    10.000
       9435.000,      -4160.000,    5,  621,    0,   -1,    0,   -1,    0,   -2,    10.000
       9445.000,      -4090.000,    6,  628,    0,   -1,    0,   -1,    0,   -2,    10.000
       9455.000,      -4020.000,    7,  635,    0,   -1,    0,   -1,    0,   -2,    10.000
      13615.000,      -4000.000,  423,  637,    0,   -1,    0,   -1,    0,   -2,    10.000
       9465.000,      -3950.000,    8,  642,    0,   -1,    0,   -1,    0,   -2,    10.000
      13605.000,      -3940.000,  422,  643,    0,   -1,    0,   -1,    0,   -2,    10.000
       9475.000,      -3890.000,    9,  648,    0,   -1,    0,   -1,    0,   -2,    10.000
      13595.000,      -3880.000,  421,  649,    0,   -1,    0,   -1,    0,   -2,    10.000
       9485.000,      -3820.000,   10,  655,    0,   -1,    0,   -1,    0,   -2,    10.000
      13585.000,      -3820.000,  420,  655,    0,   -1,    0,   -1,    0,   -2,    10.000
      13575.000,      -3760.000,  419,  661,    0,   -1,    0,   -1,    0,   -2,    10.000
       9495.000,      -3750.000,   11,  662,    0,   -1,    0,   -1,    0,   -2,    10.000
      13565.000,      -3700.000,  418,  667,    0,   -1,    0,   -1,    0,   -2,    10.000
       9505.000,      -3690.000,   12,  668,    0,   -1,    0,   -1,    0,   -2,    10.000
      13555.000,      -3650.000,  417,  672,    0,   -1,    0,   -1,    0,   -2,    10.000
       9515.000,      -3620.000,   13,  675,    0,   -1,    0,   -1,    0,   -2,    10.000
      13545.000,      -3590.000,  416,  678,    0,   -1,    0,   -1,    0,   -2,    10.000
       9525.000,      -3550.000,   14,  682,    0,   -1,    0,   -1,    0,   -2,    10.000
      13535.000,      -3530.000,  415,  684,    0,   -1,    0,   -1,    0,   -2,    10.000
       9535.000,      -3480.000,   15,  689,    0,   -1,    0,   -1,    0,   -2,    10.000
      13525.000,      -3470.000,  414,  690,    0,   -1,    0,   -1,    0,   -2,    10.000
       9545.000,      -3450.000,   16,  692,    0,   -1,    0,   -1,    0,   -2,    10.000
       9555.000,      -3440.000,   17,  693,    0,   -1,    0,   -1,    0,   -2,    10.000
       9565.000,      -3420.000,   18,  695,    0,   -1,    0,   -1,    0,   -2,    10.000
       9575.000,      -3410.000,   19,  696,    0,   -1,    0,   -1,    0,   -2,    10.000
      13515.000,      -3410.000,  413,  696,    0,   -1,    0,   -1,    0,   -2,    10.000
       9585.000,      -3390.000,   20,  698,    0,   -1,    0,   -1,    0,   -2,    10.000
       9595.000,      -3370.000,   21,  700,    0,   -1,    0,   -1,    0,   -2,    10.000
       9605.000,      -3360.000,   22,  701,    0,   -1,    0,   -1,    0,   -2,    10.000
      13505.000,      -3350.000,  412,  702,    0,   -1,    0,   -1,    0,   -2,    10.000
       9615.000,      -3340.000,   23,  703,    0,   -1,    0,   -1,    0,   -2,    10.000
       9625.000,      -3330.000,   24,  704,    0,   -1,    0,   -1,    0,   -2,    10.000
       9635.000,      -3310.000,   25,  706,    0,   -1,    0,   -1,    0,   -2,    10.000
      13495.000,      -3300.000,  411,  707,    0,   -1,    0,   -1,    0,   -2,    10.000
       9645.000,      -3290.000,   26,  708,    0,   -1,    0,   -1,    0,   -2,    10.000
       9655.000,      -3280.000,   27,  709,    0,   -1,    0,   -1,    0,   -2,    10.000
       9665.000,      -3260.000,   28,  711,    0,   -1,    0,   -1,    0,   -2,    10.000
       9675.000,      -3250.000,   29,  712,    0,   -1,    0,   -1,    0,   -2,    10.000
      13485.000,      -3240.000,  410,  713,    0,   -1,    0,   -1,    0,   -2,    10.000
       9685.000,      -3230.000,   30,  714,    0,   -1,    0,   -1,    0,   -2,    10.000
       9695.000,      -3210.000,   31,  716,    0,   -1,    0,   -1,    0,   -2,    10.000
       9705.000,      -3200.000,   32,  717,    0,   -1,    0,   -1,    0,   -2,    10.000
       9715.000,      -3180.000,   33,  719,    0,   -1,    0,   -1,    0,   -2,    10.000
      13475.000,      -3180.000,  409,  719,    0,   -1,    0,   -1,    0,   -2,    10.000
       9725.000,      -3170.000,   34,  720,    0,   -1,    0,   -1,    0,   -2,    10.000
      13465.000,      -3170.000,  408,  720,    0,   -1,    0,   -1,    0,   -2,    10.000
       9735.000,      -3150.000,   35,  722,    0,   -1,    0,   -1,    0,   -2,    10.000
      13455.000,      -3150.000,  407,  722,    0,   -1,    0,   -1,    0,   -2,    10.000
       9745.000,      -3140.000,   36,  723,    0,   -1,    0,   -1,    0,   -2,    10.000
      13445.000,      -3140.000,  406,  723,    0,   -1,    0,   -1,    0,   -2,    10.000
      13435.000,      -3130.000,  405,  724,    0,   -1,    0,   -1,    0,   -2,    10.000
       9755.000,      -3120.000,   37,  725,    0,   -1,    0,   -1,    0,   -2,    10.000
      13425.000,      -3110.000,  404,  726,    0,   -1,    0,   -1,    0,   -2,    10.000
       9765.000,      -3100.000,   38,  727,    0,   -1,    0,   -1,    0,   -2,    10.000
      13415.000,      -3100.000,  403,  727,    0,   -1,    0,   -1,    0,   -2,    10.000
       9775.000,      -3090.000,   39,  728,    0,   -1,    0,   -1,    0,   -2,    10.000
      13405.000,      -3080.000,  402,  729,    0,   -1,    0,   -1,    0,   -2,    10.000
       9785.000,      -3070.000,   40,  730,    0,   -1,    0,   -1,    0,   -2,    10.000
      13395.000,      -3070.000,  401,  730,    0,   -1,    0,   -1,    0,   -2,    10.000
       9795.000,      -3060.000,   41,  731,    0,   -1,    0,   -1,    0,   -2,    10.000
      13385.000,      -3060.000,  400,  731,    0,   -1,    0,   -1,    0,   -2,    10.000
       9805.000,      -3040.000,   42,  733,    0,   -1,    0,   -1,    0,   -2,    10.000
      13375.000,      -3040.000,  399,  733,    0,   -1,    0,   -1,    0,   -2,    10.000
      13365.000,      -3030.000,  398,  734,    0,   -1,    0,   -1,    0,   -2,    10.000
       9815.000,      -3020.000,   43,  735,    0,   -1,    0,   -1,    0,   -2,    10.000
      13355.000,      -3020.000,  397,  735,    0,   -1,    0,   -1,    0,   -2,    10.000
       9825.000,      -3010.000,   44,  736,    0,   -1,    0,   -1,    0,   -2,    10.000
      13345.000,      -3000.000,  396,  737,    0,   -1,    0,   -1,    0,   -2,    10.000
       9835.000,      -2990.000,   45,  738,    0,   -1,    0,   -1,    0,   -2,    10.000
      13335.000,      -2990.000,  395,  738,    0,   -1,    0,   -1,    0,   -2,    10.000
       9845.000,      -2980.000,   46,  739,    0,   -1,    0,   -1,    0,   -2,    10.000
      13325.000,      -2970.000,  394,  740,    0,   -1,    0,   -1,    0,   -2,    10.000
       9855.000,      -2960.000,   47,  741,    0,   -1,    0,   -1,    0,   -2,    10.000
      13315.000,      -2960.000,  393,  741,    0,   -1,    0,   -1,    0,   -2,    10.000
      13305.000,      -2950.000,  392,  742,    0,   -1,    0,   -1,    0,   -2,    10.000
       9865.000,      -2940.000,   48,  743,    0,   -1,    0,   -1,    0,   -2,    10.000
       9875.000,      -2930.000,   49,  744,    0,   -1,    0,   -1,    0,   -2,    10.000
      13295.000,      -2930.000,  391,  744,    0,   -1,    0,   -1,    0,   -2,    10.000
       9885.000,      -2920.000,   50,  745,    0,   -1,    0,   -1,    0,   -2,    10.000
      13285.000,      -2920.000,  390,  745,    0,   -1,    0,   -1,    0,   -2,    10.000
       9895.000,      -2910.000,   51,  746,    0,   -1,    0,   -1,    0,   -2,    10.000
       9905.000,      -2910.000,   52,  746,    0,   -1,    0,   -1,    0,   -2,    10.000
      13275.000,      -2910.000,  389,  746,    0,   -1,    0,   -1,    0,   -2,    10.000
       9915.000,      -2900.000,   53,  747,    0,   -1,    0,   -1,    0,   -2,    10.000
       9925.000,      -2890.000,   54,  748,    0,   -1,    0,   -1,    0,   -2,    10.000
      13265.000,      -2890.000,  388,  748,    0,   -1,    0,   -1,    0,   -2,    10.000
       9935.000,      -2880.000,   55,  749,    0,   -1,    0,   -1,    0,   -2,    10.000
      13255.000,      -2880.000,  387,  749,    0,   -1,    0,   -1,    0,   -2,    10.000
       9945.000,      -2870.000,   56,  750,    0,   -1,    0,   -1,    0,   -2,    10.000
       9955.000,      -2860.000,   57,  751,    0,   -1,    0,   -1,    0,   -2,    10.000
       9965.000,      -2860.000,   58,  751,    0,   -1,    0,   -1,    0,   -2,    10.000
      13245.000,      -2860.000,  386,  751,    0,   -1,    0,   -1,    0,   -2,    10.000
       9975.000,      -2850.000,   59,  752,    0,   -1,    0,   -1,    0,   -2,    10.000
      13235.000,      -2850.000,  385,  752,    0,   -1,    0,   -1,    0,   -2,    10.000
       9985.000,      -2840.000,   60,  753,    0,   -1,    0,   -1,    0,   -2,    10.000
      13225.000,      -2840.000,  384,  753,    0,   -1,    0,   -1,    0,   -2,    10.000
       9995.000,      -2830.000,   61,  754,    0,   -1,    0,   -1,    0,   -2,    10.000
      10005.000,      -2820.000,   62,  755,    0,   -1,    0,   -1,    0,   -2,    10.000
      13215.000,      -2820.000,  383,  755,    0,   -1,    0,   -1,    0,   -2,    10.000
      10015.000,      -2810.000,   63,  756,    0,   -1,    0,   -1,    0,   -2,    10.000
      10025.000,      -2810.000,   64,  756,    0,   -1,    0,   -1,    0,   -2,    10.000
      13205.000,      -2810.000,  382,  756,    0,   -1,    0,   -1,    0,   -2,    10.000
      10035.000,      -2800.000,   65,  757,    0,   -1,    0,   -1,    0,   -2,    10.000
      10045.000,      -2790.000,   66,  758,    0,   -1,    0,   -1,    0,   -2,    10.000
      13195.000,      -2790.000,  381,  758,    0,   -1,    0,   -1,    0,   -2,    10.000
      10055.000,      -2780.000,   67,  759,    0,   -1,    0,   -1,    0,   -2,    10.000
      13185.000,      -2780.000,  380,  759,    0,   -1,    0,   -1,    0,   -2,    10.000
      10065.000,      -2770.000,   68,  760,    0,   -1,    0,   -1,    0,   -2,    10.000
      13175.000,      -2770.000,  379,  760,    0,   -1,    0,   -1,    0,   -2,    10.000
      10075.000,      -2760.000,   69,  761,    0,   -1,    0,   -1,    0,   -2,    10.000
      10085.000,      -2760.000,   70,  761,    0,   -1,    0,   -1,    0,   -2,    10.000
      10095.000,      -2750.000,   71,  762,    0,   -1,    0,   -1,    0,   -2,    10.000
      13165.000,      -2750.000,  378,  762,    0,   -1,    0,   -1,    0,   -2,    10.000
      10105.000,      -2740.000,   72,  763,    0,   -1,    0,   -1,    0,   -2,    10.000
      13155.000,      -2740.000,  377,  763,    0,   -1,    0,   -1,    0,   -2,    10.000
      10115.000,      -2730.000,   73,  764,    0,   -1,    0,   -1,    0,   -2,    10.000
      13145.000,      -2730.000,  376,  764,    0,   -1,    0,   -1,    0,   -2,    10.000
      10125.000,      -2720.000,   74,  765,    0,   -1,    0,   -1,    0,   -2,    10.000
      10135.000,      -2710.000,   75,  766,    0,   -1,    0,   -1,    0,   -2,    10.000
      10145.000,      -2710.000,   76,  766,    0,   -1,    0,   -1,    0,   -2,    10.000
      13135.000,      -2710.000,  375,  766,    0,   -1,    0,   -1,    0,   -2,    10.000
      10155.000,      -2700.000,   77,  767,    0,   -1,    0,   -1,    0,   -2,    10.000
      13125.000,      -2700.000,  374,  767,    0,   -1,    0,   -1,    0,   -2,    10.000
      10165.000,      -2690.000,   78,  768,    0,   -1,    0,   -1,    0,   -2,    10.000
      10175.000,      -2680.000,   79,  769,    0,   -1,    0,   -1,    0,   -2,    10.000
      13115.000,      -2680.000,  373,  769,    0,   -1,    0,   -1,    0,   -2,    10.000
      10185.000,      -2670.000,   80,  770,    0,   -1,    0,   -1,    0,   -2,    10.000
      13105.000,      -2670.000,  372,  770,    0,   -1,    0,   -1,    0,   -2,    10.000
      10195.000,      -2660.000,   81,  771,    0,   -1,    0,   -1,    0,   -2,    10.000
      10205.000,      -2660.000,   82,  771,    0,   -1,    0,   -1,    0,   -2,    10.000
      13095.000,      -2660.000,  371,  771,    0,   -1,    0,   -1,    0,   -2,    10.000
      10215.000,      -2650.000,   83,  772,    0,   -1,    0,   -1,    0,   -2,    10.000
      10225.000,      -2640.000,   84,  773,    0,   -1,    0,   -1,    0,   -2,    10.000
      13085.000,      -2640.000,  370,  773,    0,   -1,    0,   -1,    0,   -2,    10.000
      10235.000,      -2630.000,   85,  774,    0,   -1,    0,   -1,    0,   -2,    10.000
      13075.000,      -2630.000,  369,  774,    0,   -1,    0,   -1,    0,   -2,    10.000
      10245.000,      -2620.000,   86,  775,    0,   -1,    0,   -1,    0,   -2,    10.000
      13065.000,      -2620.000,  368,  775,    0,   -1,    0,   -1,    0,   -2,    10.000
      10255.000,      -2610.000,   87,  776,    0,   -1,    0,   -1,    0,   -2,    10.000
      10265.000,      -2610.000,   88,  776,    0,   -1,    0,   -1,    0,   -2,    10.000
      10275.000,      -2600.000,   89,  777,    0,   -1,    0,   -1,    0,   -2,    10.000
      13055.000,      -2600.000,  367,  777,    0,   -1,    0,   -1,    0,   -2,    10.000
      10285.000,      -2590.000,   90,  778,    0,   -1,    0,   -1,    0,   -2,    10.000
      13045.000,      -2590.000,  366,  778,    0,   -1,    0,   -1,    0,   -2,    10.000
      10295.000,      -2580.000,   91,  779,    0,   -1,    0,   -1,    0,   -2,    10.000
      10305.000,      -2570.000,   92,  780,    0,   -1,    0,   -1,    0,   -2,    10.000
      13035.000,      -2570.000,  365,  780,    0,   -1,    0,   -1,    0,   -2,    10.000
      10315.000,      -2560.000,   93,  781,    0,   -1,    0,   -1,    0,   -2,    10.000
      10325.000,      -2560.000,   94,  781,    0,   -1,    0,   -1,    0,   -2,    10.000
      13025.000,      -2560.000,  364,  781,    0,   -1,    0,   -1,    0,   -2,    10.000
      10335.000,      -2550.000,   95,  782,    0,   -1,    0,   -1,    0,   -2,    10.000
      13015.000,      -2550.000,  363,  782,    0,   -1,    0,   -1,    0,   -2,    10.000
      10345.000,      -2540.000,   96,  783,    0,   -1,    0,   -1,    0,   -2,    10.000
      12995.000,      -2540.000,  361,  783,    0,   -1,    0,   -1,    0,   -2,    10.000
      13005.000,      -2540.000,  362,  783,    0,   -1,    0,   -1,    0,   -2,    10.000
      10355.000,      -2530.000,   97,  784,    0,   -1,    0,   -1,    0,   -2,    10.000
      12985.000,      -2530.000,  360,  784,    0,   -1,    0,   -1,    0,   -2,    10.000
      10365.000,      -2520.000,   98,  785,    0,   -1,    0,   -1,    0,   -2,    10.000
      12965.000,      -2520.000,  358,  785,    0,   -1,    0,   -1,    0,   -2,    10.000
      12975.000,      -2520.000,  359,  785,    0,   -1,    0,   -1,    0,   -2,    10.000
      10375.000,      -2510.000,   99,  786,    0,   -1,    0,   -1,    0,   -2,    10.000
      10385.000,      -2510.000,  100,  786,    0,   -1,    0,   -1,    0,   -2,    10.000
      12955.000,      -2510.000,  357,  786,    0,   -1,    0,   -1,    0,   -2,    10.000
      10395.000,      -2500.000,  101,  787,    0,   -1,    0,   -1,    0,   -2,    10.000
      12935.000,      -2500.000,  355,  787,    0,   -1,    0,   -1,    0,   -2,    10.000
      12945.000,      -2500.000,  356,  787,    0,   -1,    0,   -1,    0,   -2,    10.000
      10405.000,      -2490.000,  102,  788,    0,   -1,    0,   -1,    0,   -2,    10.000
      12925.000,      -2490.000,  354,  788,    0,   -1,    0,   -1,    0,   -2,    10.000
      10415.000,      -2480.000,  103,  789,    0,   -1,    0,   -1,    0,   -2,    10.000
      12905.000,      -2480.000,  352,  789,    0,   -1,    0,   -1,    0,   -2,    10.000
      12915.000,      -2480.000,  353,  789,    0,   -1,    0,   -1,    0,   -2,    10.000
      10425.000,      -2470.000,  104,  790,    0,   -1,    0,   -1,    0,   -2,    10.000
      12885.000,      -2470.000,  350,  790,    0,   -1,    0,   -1,    0,   -2,    10.000
      12895.000,      -2470.000,  351,  790,    0,   -1,    0,   -1,    0,   -2,    10.000
      10435.000,      -2460.000,  105,  791,    0,   -1,    0,   -1,    0,   -2,    10.000
      10445.000,      -2460.000,  106,  791,    0,   -1,    0,   -1,    0,   -2,    10.000
      12875.000,      -2460.000,  349,  791,    0,   -1,    0,   -1,    0,   -2,    10.000
      10455.000,      -2450.000,  107,  792,    0,   -1,    0,   -1,    0,   -2,    10.000
      12855.000,      -2450.000,  347,  792,    0,   -1,    0,   -1,    0,   -2,    10.000
      12865.000,      -2450.000,  348,  792,    0,   -1,    0,   -1,    0,   -2,    10.000
      10465.000,      -2440.000,  108,  793,    0,   -1,    0,   -1,    0,   -2,    10.000
      12845.000,      -2440.000,  346,  793,    0,   -1,    0,   -1,    0,   -2,    10.000
      10475.000,      -2430.000,  109,  794,    0,   -1,    0,   -1,    0,   -2,    10.000
      12825.000,      -2430.000,  344,  794,    0,   -1,    0,   -1,    0,   -2,    10.000
      12835.000,      -2430.000,  345,  794,    0,   -1,    0,   -1,    0,   -2,    10.000
      10485.000,      -2420.000,  110,  795,    0,   -1,    0,   -1,    0,   -2,    10.000
      12815.000,      -2420.000,  343,  795,    0,   -1,    0,   -1,    0,   -2,    10.000
      10495.000,      -2410.000,  111,  796,    0,   -1,    0,   -1,    0,   -2,    10.000
      10505.000,      -2410.000,  112,  796,    0,   -1,    0,   -1,    0,   -2,    10.000
      12795.000,      -2410.000,  341,  796,    0,   -1,    0,   -1,    0,   -2,    10.000
      12805.000,      -2410.000,  342,  796,    0,   -1,    0,   -1,    0,   -2,    10.000
      10515.000,      -2400.000,  113,  797,    0,   -1,    0,   -1,    0,   -2,    10.000
      12785.000,      -2400.000,  340,  797,    0,   -1,    0,   -1,    0,   -2,    10.000
      10525.000,      -2390.000,  114,  798,    0,   -1,    0,   -1,    0,   -2,    10.000
      12765.000,      -2390.000,  338,  798,    0,   -1,    0,   -1,    0,   -2,    10.000
      12775.000,      -2390.000,  339,  798,    0,   -1,    0,   -1,    0,   -2,    10.000
      10535.000,      -2380.000,  115,  799,    0,   -1,    0,   -1,    0,   -2,    10.000
      12755.000,      -2380.000,  337,  799,    0,   -1,    0,   -1,    0,   -2,    10.000
      10545.000,      -2370.000,  116,  800,    0,   -1,    0,   -1,    0,   -2,    10.000
      12735.000,      -2370.000,  335,  800,    0,   -1,    0,   -1,    0,   -2,    10.000
      12745.000,      -2370.000,  336,  800,    0,   -1,    0,   -1,    0,   -2,    10.000
      10555.000,      -2360.000,  117,  801,    0,   -1,    0,   -1,    0,   -2,    10.000
      10565.000,      -2360.000,  118,  801,    0,   -1,    0,   -1,    0,   -2,    10.000
      12725.000,      -2360.000,  334,  801,    0,   -1,    0,   -1,    0,   -2,    10.000
      10575.000,      -2350.000,  119,  802,    0,   -1,    0,   -1,    0,   -2,    10.000
      12705.000,      -2350.000,  332,  802,    0,   -1,    0,   -1,    0,   -2,    10.000
      12715.000,      -2350.000,  333,  802,    0,   -1,    0,   -1,    0,   -2,    10.000
      10585.000,      -2340.000,  120,  803,    0,   -1,    0,   -1,    0,   -2,    10.000
      12685.000,      -2340.000,  330,  803,    0,   -1,    0,   -1,    0,   -2,    10.000
      12695.000,      -2340.000,  331,  803,    0,   -1,    0,   -1,    0,   -2,    10.000
      10595.000,      -2330.000,  121,  804,    0,   -1,    0,   -1,    0,   -2,    10.000
      12675.000,      -2330.000,  329,  804,    0,   -1,    0,   -1,    0,   -2,    10.000
      10605.000,      -2320.000,  122,  805,    0,   -1,    0,   -1,    0,   -2,    10.000
      10615.000,      -2320.000,  123,  805,    0,   -1,    0,   -1,    0,   -2,    10.000
      12655.000,      -2320.000,  327,  805,    0,   -1,    0,   -1,    0,   -2,    10.000
      12665.000,      -2320.000,  328,  805,    0,   -1,    0,   -1,    0,   -2,    10.000
      10625.000,      -2310.000,  124,  806,    0,   -1,    0,   -1,    0,   -2,    10.000
      10635.000,      -2310.000,  125,  806,    0,   -1,    0,   -1,    0,   -2,    10.000
      12645.000,      -2310.000,  326,  806,    0,   -1,    0,   -1,    0,   -2,    10.000
      10645.000,      -2300.000,  126,  807,    0,   -1,    0,   -1,    0,   -2,    10.000
      10655.000,      -2300.000,  127,  807,    0,   -1,    0,   -1,    0,   -2,    10.000
      12625.000,      -2300.000,  324,  807,    0,   -1,    0,   -1,    0,   -2,    10.000
      12635.000,      -2300.000,  325,  807,    0,   -1,    0,   -1,    0,   -2,    10.000
      10665.000,      -2290.000,  128,  808,    0,   -1,    0,   -1,    0,   -2,    10.000
      10675.000,      -2290.000,  129,  808,    0,   -1,    0,   -1,    0,   -2,    10.000
      12615.000,      -2290.000,  323,  808,    0,   -1,    0,   -1,    0,   -2,    10.000
      10685.000,      -2280.000,  130,  809,    0,   -1,    0,   -1,    0,   -2,    10.000
      10695.000,      -2280.000,  131,  809,    0,   -1,    0,   -1,    0,   -2,    10.000
      12595.000,      -2280.000,  321,  809,    0,   -1,    0,   -1,    0,   -2,    10.000
      12605.000,      -2280.000,  322,  809,    0,   -1,    0,   -1,    0,   -2,    10.000
      10705.000,      -2270.000,  132,  810,    0,   -1,    0,   -1,    0,   -2,    10.000
      10715.000,      -2270.000,  133,  810,    0,   -1,    0,   -1,    0,   -2,    10.000
      12585.000,      -2270.000,  320,  810,    0,   -1,    0,   -1,    0,   -2,    10.000
      10725.000,      -2260.000,  134,  811,    0,   -1,    0,   -1,    0,   -2,    10.000
      10735.000,      -2260.000,  135,  811,    0,   -1,    0,   -1,    0,   -2,    10.000
      12565.000,      -2260.000,  318,  811,    0,   -1,    0,   -1,    0,   -2,    10.000
      12575.000,      -2260.000,  319,  811,    0,   -1,    0,   -1,    0,   -2,    10.000
      10745.000,      -2250.000,  136,  812,    0,   -1,    0,   -1,    0,   -2,    10.000
      10755.000,      -2250.000,  137,  812,    0,   -1,    0,   -1,    0,   -2,    10.000
      10765.000,      -2250.000,  138,  812,    0,   -1,    0,   -1,    0,   -2,    10.000
      12555.000,      -2250.000,  317,  812,    0,   -1,    0,   -1,    0,   -2,    10.000
      10775.000,      -2240.000,  139,  813,    0,   -1,    0,   -1,    0,   -2,    10.000
      10785.000,      -2240.000,  140,  813,    0,   -1,    0,   -1,    0,   -2,    10.000
      12535.000,      -2240.000,  315,  813,    0,   -1,    0,   -1,    0,   -2,    10.000
      12545.000,      -2240.000,  316,  813,    0,   -1,    0,   -1,    0,   -2,    10.000
      10795.000,      -2230.000,  141,  814,    0,   -1,    0,   -1,    0,   -2,    10.000
      10805.000,      -2230.000,  142,  814,    0,   -1,    0,   -1,    0,   -2,    10.000
      12515.000,      -2230.000,  313,  814,    0,   -1,    0,   -1,    0,   -2,    10.000
      12525.000,      -2230.000,  314,  814,    0,   -1,    0,   -1,    0,   -2,    10.000
      10815.000,      -2220.000,  143,  815,    0,   -1,    0,   -1,    0,   -2,    10.000
      10825.000,      -2220.000,  144,  815,    0,   -1,    0,   -1,    0,   -2,    10.000
      12505.000,      -2220.000,  312,  815,    0,   -1,    0,   -1,    0,   -2,    10.000
      10835.000,      -2210.000,  145,  816,    0,   -1,    0,   -1,    0,   -2,    10.000
      10845.000,      -2210.000,  146,  816,    0,   -1,    0,   -1,    0,   -2,    10.000
      12485.000,      -2210.000,  310,  816,    0,   -1,    0,   -1,    0,   -2,    10.000
      12495.000,      -2210.000,  311,  816,    0,   -1,    0,   -1,    0,   -2,    10.000
      10855.000,      -2200.000,  147,  817,    0,   -1,    0,   -1,    0,   -2,    10.000
      10865.000,      -2200.000,  148,  817,    0,   -1,    0,   -1,    0,   -2,    10.000
      12475.000,      -2200.000,  309,  817,    0,   -1,    0,   -1,    0,   -2,    10.000
      10875.000,      -2190.000,  149,  818,    0,   -1,    0,   -1,    0,   -2,    10.000
      10885.000,      -2190.000,  150,  818,    0,   -1,    0,   -1,    0,   -2,    10.000
      12455.000,      -2190.000,  307,  818,    0,   -1,    0,   -1,    0,   -2,    10.000
      12465.000,      -2190.000,  308,  818,    0,   -1,    0,   -1,    0,   -2,    10.000
      10895.000,      -2180.000,  151,  819,    0,   -1,    0,   -1,    0,   -2,    10.000
      10905.000,      -2180.000,  152,  819,    0,   -1,    0,   -1,    0,   -2,    10.000
      12445.000,      -2180.000,  306,  819,    0,   -1,    0,   -1,    0,   -2,    10.000
      10915.000,      -2170.000,  153,  820,    0,   -1,    0,   -1,    0,   -2,    10.000
      10925.000,      -2170.000,  154,  820,    0,   -1,    0,   -1,    0,   -2,    10.000
      10935.000,      -2170.000,  155,  820,    0,   -1,    0,   -1,    0,   -2,    10.000
      12425.000,      -2170.000,  304,  820,    0,   -1,    0,   -1,    0,   -2,    10.000
      12435.000,      -2170.000,  305,  820,    0,   -1,    0,   -1,    0,   -2,    10.000
      10945.000,      -2160.000,  156,  821,    0,   -1,    0,   -1,    0,   -2,    10.000
      10955.000,      -2160.000,  157,  821,    0,   -1,    0,   -1,    0,   -2,    10.000
      12415.000,      -2160.000,  303,  821,    0,   -1,    0,   -1,    0,   -2,    10.000
      10965.000,      -2150.000,  158,  822,    0,   -1,    0,   -1,    0,   -2,    10.000
      10975.000,      -2150.000,  159,  822,    0,   -1,    0,   -1,    0,   -2,    10.000
      12395.000,      -2150.000,  301,  822,    0,   -1,    0,   -1,    0,   -2,    10.000
      12405.000,      -2150.000,  302,  822,    0,   -1,    0,   -1,    0,   -2,    10.000
      10985.000,      -2140.000,  160,  823,    0,   -1,    0,   -1,    0,   -2,    10.000
      10995.000,      -2140.000,  161,  823,    0,   -1,    0,   -1,    0,   -2,    10.000
      12385.000,      -2140.000,  300,  823,    0,   -1,    0,   -1,    0,   -2,    10.000
      11005.000,      -2130.000,  162,  824,    0,   -1,    0,   -1,    0,   -2,    10.000
      11015.000,      -2130.000,  163,  824,    0,   -1,    0,   -1,    0,   -2,    10.000
      12365.000,      -2130.000,  298,  824,    0,   -1,    0,   -1,    0,   -2,    10.000
      12375.000,      -2130.000,  299,  824,    0,   -1,    0,   -1,    0,   -2,    10.000
      11025.000,      -2120.000,  164,  825,    0,   -1,    0,   -1,    0,   -2,    10.000
      11035.000,      -2120.000,  165,  825,    0,   -1,    0,   -1,    0,   -2,    10.000
      12335.000,      -2120.000,  295,  825,    0,   -1,    0,   -1,    0,   -2,    10.000
      12345.000,      -2120.000,  296,  825,    0,   -1,    0,   -1,    0,   -2,    10.000
      12355.000,      -2120.000,  297,  825,    0,   -1,    0,   -1,    0,   -2,    10.000
      11045.000,      -2110.000,  166,  826,    0,   -1,    0,   -1,    0,   -2,    10.000
      11055.000,      -2110.000,  167,  826,    0,   -1,    0,   -1,    0,   -2,    10.000
      12285.000,      -2110.000,  290,  826,    0,   -1,    0,   -1,    0,   -2,    10.000
      12295.000,      -2110.000,  291,  826,    0,   -1,    0,   -1,    0,   -2,    10.000
      12305.000,      -2110.000,  292,  826,    0,   -1,    0,   -1,    0,   -2,    10.000
      12315.000,      -2110.000,  293,  826,    0,   -1,    0,   -1,    0,   -2,    10.000
      12325.000,      -2110.000,  294,  826,    0,   -1,    0,   -1,    0,   -2,    10.000
      11065.000,      -2100.000,  168,  827,    0,   -1,    0,   -1,    0,   -2,    10.000
      11075.000,      -2100.000,  169,  827,    0,   -1,    0,   -1,    0,   -2,    10.000
      12235.000,      -2100.000,  285,  827,    0,   -1,    0,   -1,    0,   -2,    10.000
      12245.000,      -2100.000,  286,  827,    0,   -1,    0,   -1,    0,   -2,    10.000
      12255.000,      -2100.000,  287,  827,    0,   -1,    0,   -1,    0,   -2,    10.000
      12265.000,      -2100.000,  288,  827,    0,   -1,    0,   -1,    0,   -2,    10.000
      12275.000,      -2100.000,  289,  827,    0,   -1,    0,   -1,    0,   -2,    10.000
      11085.000,      -2090.000,  170,  828,    0,   -1,    0,   -1,    0,   -2,    10.000
      11095.000,      -2090.000,  171,  828,    0,   -1,    0,   -1,    0,   -2,    10.000
      11105.000,      -2090.000,  172,  828,    0,   -1,    0,   -1,    0,   -2,    10.000
      12195.000,      -2090.000,  281,  828,    0,   -1,    0,   -1,    0,   -2,    10.000
      12205.000,      -2090.000,  282,  828,    0,   -1,    0,   -1,    0,   -2,    10.000
      12215.000,      -2090.000,  283,  828,    0,   -1,    0,   -1,    0,   -2,    10.000
      12225.000,      -2090.000,  284,  828,    0,   -1,    0,   -1,    0,   -2,    10.000
      11115.000,      -2080.000,  173,  829,    0,   -1,    0,   -1,    0,   -2,    10.000
      11125.000,      -2080.000,  174,  829,    0,   -1,    0,   -1,    0,   -2,    10.000
      12145.000,      -2080.000,  276,  829,    0,   -1,    0,   -1,    0,   -2,    10.000
      12155.000,      -2080.000,  277,  829,    0,   -1,    0,   -1,    0,   -2,    10.000
      12165.000,      -2080.000,  278,  829,    0,   -1,    0,   -1,    0,   -2,    10.000
      12175.000,      -2080.000,  279,  829,    0,   -1,    0,   -1,    0,   -2,    10.000
      12185.000,      -2080.000,  280,  829,    0,   -1,    0,   -1,    0,   -2,    10.000
      11135.000,      -2070.000,  175,  830,    0,   -1,    0,   -1,    0,   -2,    10.000
      11145.000,      -2070.000,  176,  830,    0,   -1,    0,   -1,    0,   -2,    10.000
      12095.000,      -2070.000,  271,  830,    0,   -1,    0,   -1,    0,   -2,    10.000
      12105.000,      -2070.000,  272,  830,    0,   -1,    0,   -1,    0,   -2,    10.000
      12115.000,      -2070.000,  273,  830,    0,   -1,    0,   -1,    0,   -2,    10.000
      12125.000,      -2070.000,  274,  830,    0,   -1,    0,   -1,    0,   -2,    10.000
      12135.000,      -2070.000,  275,  830,    0,   -1,    0,   -1,    0,   -2,    10.000
      11155.000,      -2060.000,  177,  831,    0,   -1,    0,   -1,    0,   -2,    10.000
      11165.000,      -2060.000,  178,  831,    0,   -1,    0,   -1,    0,   -2,    10.000
      12055.000,      -2060.000,  267,  831,    0,   -1,    0,   -1,    0,   -2,    10.000
      12065.000,      -2060.000,  268,  831,    0,   -1,    0,   -1,    0,   -2,    10.000
      12075.000,      -2060.000,  269,  831,    0,   -1,    0,   -1,    0,   -2,    10.000
      12085.000,      -2060.000,  270,  831,    0,   -1,    0,   -1,    0,   -2,    10.000
      11175.000,      -2050.000,  179,  832,    0,   -1,    0,   -1,    0,   -2,    10.000
      11185.000,      -2050.000,  180,  832,    0,   -1,    0,   -1,    0,   -2,    10.000
      12005.000,      -2050.000,  262,  832,    0,   -1,    0,   -1,    0,   -2,    10.000
      12015.000,      -2050.000,  263,  832,    0,   -1,    0,   -1,    0,   -2,    10.000
      12025.000,      -2050.000,  264,  832,    0,   -1,    0,   -1,    0,   -2,    10.000
      12035.000,      -2050.000,  265,  832,    0,   -1,    0,   -1,    0,   -2,    10.000
      12045.000,      -2050.000,  266,  832,    0,   -1,    0,   -1,    0,   -2,    10.000
      11195.000,      -2040.000,  181,  833,    0,   -1,    0,   -1,    0,   -2,    10.000
      11205.000,      -2040.000,  182,  833,    0,   -1,    0,   -1,    0,   -2,    10.000
      11955.000,      -2040.000,  257,  833,    0,   -1,    0,   -1,    0,   -2,    10.000
      11965.000,      -2040.000,  258,  833,    0,   -1,    0,   -1,    0,   -2,    10.000
      11975.000,      -2040.000,  259,  833,    0,   -1,    0,   -1,    0,   -2,    10.000
      11985.000,      -2040.000,  260,  833,    0,   -1,    0,   -1,    0,   -2,    10.000
      11995.000,      -2040.000,  261,  833,    0,   -1,    0,   -1,    0,   -2,    10.000
      11215.000,      -2030.000,  183,  834,    0,   -1,    0,   -1,    0,   -2,    10.000
      11225.000,      -2030.000,  184,  834,    0,   -1,    0,   -1,    0,   -2,    10.000
      11905.000,      -2030.000,  252,  834,    0,   -1,    0,   -1,    0,   -2,    10.000
      11915.000,      -2030.000,  253,  834,    0,   -1,    0,   -1,    0,   -2,    10.000
      11925.000,      -2030.000,  254,  834,    0,   -1,    0,   -1,    0,   -2,    10.000
      11935.000,      -2030.000,  255,  834,    0,   -1,    0,   -1,    0,   -2,    10.000
      11945.000,      -2030.000,  256,  834,    0,   -1,    0,   -1,    0,   -2,    10.000
      11235.000,      -2020.000,  185,  835,    0,   -1,    0,   -1,    0,   -2,    10.000
      11245.000,      -2020.000,  186,  835,    0,   -1,    0,   -1,    0,   -2,    10.000
      11255.000,      -2020.000,  187,  835,    0,   -1,    0,   -1,    0,   -2,    10.000
      11265.000,      -2020.000,  188,  835,    0,   -1,    0,   -1,    0,   -2,    10.000
      11275.000,      -2020.000,  189,  835,    0,   -1,    0,   -1,    0,   -2,    10.000
      11285.000,      -2020.000,  190,  835,    0,   -1,    0,   -1,    0,   -2,    10.000
      11295.000,      -2020.000,  191,  835,    0,   -1,    0,   -1,    0,   -2,    10.000
      11305.000,      -2020.000,  192,  835,    0,   -1,    0,   -1,    0,   -2,    10.000
      11315.000,      -2020.000,  193,  835,    0,   -1,    0,   -1,    0,   -2,    10.000
      11865.000,      -2020.000,  248,  835,    0,   -1,    0,   -1,    0,   -2,    10.000
      11875.000,      -2020.000,  249,  835,    0,   -1,    0,   -1,    0,   -2,    10.000
      11885.000,      -2020.000,  250,  835,    0,   -1,    0,   -1,    0,   -2,    10.000
      11895.000,      -2020.000,  251,  835,    0,   -1,    0,   -1,    0,   -2,    10.000
      11325.000,      -2010.000,  194,  836,    0,   -1,    0,   -1,    0,   -2,    10.000
      11335.000,      -2010.000,  195,  836,    0,   -1,    0,   -1,    0,   -2,    10.000
      11345.000,      -2010.000,  196,  836,    0,   -1,    0,   -1,    0,   -2,    10.000
      11355.000,      -2010.000,  197,  836,    0,   -1,    0,   -1,    0,   -2,    10.000
      11365.000,      -2010.000,  198,  836,    0,   -1,    0,   -1,    0,   -2,    10.000
      11375.000,      -2010.000,  199,  836,    0,   -1,    0,   -1,    0,   -2,    10.000
      11385.000,      -2010.000,  200,  836,    0,   -1,    0,   -1,    0,   -2,    10.000
      11395.000,      -2010.000,  201,  836,    0,   -1,    0,   -1,    0,   -2,    10.000
      11405.000,      -2010.000,  202,  836,    0,   -1,    0,   -1,    0,   -2,    10.000
      11415.000,      -2010.000,  203,  836,    0,   -1,    0,   -1,    0,   -2,    10.000
      11425.000,      -2010.000,  204,  836,    0,   -1,    0,   -1,    0,   -2,    10.000
      11435.000,      -2010.000,  205,  836,    0,   -1,    0,   -1,    0,   -2,    10.000
      11815.000,      -2010.000,  243,  836,    0,   -1,    0,   -1,    0,   -2,    10.000
      11825.000,      -2010.000,  244,  836,    0,   -1,    0,   -1,    0,   -2,    10.000
      11835.000,      -2010.000,  245,  836,    0,   -1,    0,   -1,    0,   -2,    10.000
      11845.000,      -2010.000,  246,  836,    0,   -1,    0,   -1,    0,   -2,    10.000
      11855.000,      -2010.000,  247,  836,    0,   -1,    0,   -1,    0,   -2,    10.000
      11445.000,      -2000.000,  206,  837,    0,   -1,    0,   -1,    0,   -2,    10.000
      11455.000,      -2000.000,  207,  837,    0,   -1,    0,   -1,    0,   -2,    10.000
      11465.000,      -2000.000,  208,  837,    0,   -1,    0,   -1,    0,   -2,    10.000
      11475.000,      -2000.000,  209,  837,    0,   -1,    0,   -1,    0,   -2,    10.000
      11485.000,      -2000.000,  210,  837,    0,   -1,    0,   -1,    0,   -2,    10.000
      11495.000,      -2000.000,  211,  837,    0,   -1,    0,   -1,    0,   -2,    10.000
      11505.000,      -2000.000,  212,  837,    0,   -1,    0,   -1,    0,   -2,    10.000
      11515.000,      -2000.000,  213,  837,    0,   -1,    0,   -1,    0,   -2,    10.000
      11525.000,      -2000.000,  214,  837,    0,   -1,    0,   -1,    0,   -2,    10.000
      11535.000,      -2000.000,  215,  837,    0,   -1,    0,   -1,    0,   -2,    10.000
      11545.000,      -2000.000,  216,  837,    0,   -1,    0,   -1,    0,   -2,    10.000
      11555.000,      -2000.000,  217,  837,    0,   -1,    0,   -1,    0,   -2,    10.000
      11565.000,      -2000.000,  218,  837,    0,   -1,    0,   -1,    0,   -2,    10.000
      11765.000,      -2000.000,  238,  837,    0,   -1,    0,   -1,    0,   -2,    10.000
      11775.000,      -2000.000,  239,  837,    0,   -1,    0,   -1,    0,   -2,    10.000
      11785.000,      -2000.000,  240,  837,    0,   -1,    0,   -1,    0,   -2,    10.000
      11795.000,      -2000.000,  241,  837,    0,   -1,    0,   -1,    0,   -2,    10.000
      11805.000,      -2000.000,  242,  837,    0,   -1,    0,   -1,    0,   -2,    10.000
      11575.000,      -1990.000,  219,  838,    0,   -1,    0,   -1,    0,   -2,    10.000
      11585.000,      -1990.000,  220,  838,    0,   -1,    0,   -1,    0,   -2,    10.000
      11595.000,      -1990.000,  221,  838,    0,   -1,    0,   -1,    0,   -2,    10.000
      11605.000,      -1990.000,  222,  838,    0,   -1,    0,   -1,    0,   -2,    10.000
      11615.000,      -1990.000,  223,  838,    0,   -1,    0,   -1,    0,   -2,    10.000
      11625.000,      -1990.000,  224,  838,    0,   -1,    0,   -1,    0,   -2,    10.000
      11635.000,      -1990.000,  225,  838,    0,   -1,    0,   -1,    0,   -2,    10.000
      11645.000,      -1990.000,  226,  838,    0,   -1,    0,   -1,    0,   -2,    10.000
      11655.000,      -1990.000,  227,  838,    0,   -1,    0,   -1,    0,   -2,    10.000
      11665.000,      -1990.000,  228,  838,    0,   -1,    0,   -1,    0,   -2,    10.000
      11675.000,      -1990.000,  229,  838,    0,   -1,    0,   -1,    0,   -2,    10.000
      11685.000,      -1990.000,  230,  838,    0,   -1,    0,   -1,    0,   -2,    10.000
      11695.000,      -1990.000,  231,  838,    0,   -1,    0,   -1,    0,   -2,    10.000
      11715.000,      -1990.000,  233,  838,    0,   -1,    0,   -1,    0,   -2,    10.000
      11725.000,      -1990.000,  234,  838,    0,   -1,    0,   -1,    0,   -2,    10.000
      11735.000,      -1990.000,  235,  838,    0,   -1,    0,   -1,    0,   -2,    10.000
      11745.000,      -1990.000,  236,  838,    0,   -1,    0,   -1,    0,   -2,    10.000
      11755.000,      -1990.000,  237,  838,    0,   -1,    0,   -1,    0,   -2,    10.000
      11705.000,      -1980.000,  232,  839,    0,   -1,    0,   -1,    0,   -2,    10.000
