  274,# of node
id,id_to,id_from1,id_from2,id_from3,z_2d,z_1d,zs_1d,dx,b,n,iacc,x_2d,y_2d,i_2d,j_2d
    1,    0,    2,    0,    0,    48.704,    46.450,    45.450,    10.000,     8.928,     0.100,29901,   -31255.00000,  -159905.00000,  116,   13
    2,    1,    3,    0,    0,    49.242,    46.996,    45.996,    14.142,     8.873,     0.100,29585,   -31245.00000,  -159895.00000,  117,   14
    3,    2,    4,    0,    0,    49.523,    47.277,    46.277,    14.142,     8.872,     0.100,29578,   -31235.00000,  -159885.00000,  118,   15
    4,    3,    5,    0,    0,    50.358,    48.113,    47.113,    14.142,     8.870,     0.100,29569,   -31225.00000,  -159875.00000,  119,   16
    5,    4,    6,    0,    0,    51.731,    49.486,    48.486,    10.000,     8.868,     0.100,29557,   -31215.00000,  -159875.00000,  120,   16
    6,    5,    7,    0,    0,    53.299,    51.054,    50.054,    14.142,     8.867,     0.100,29550,   -31205.00000,  -159865.00000,  121,   17
    7,    6,    8,    0,    0,    54.023,    51.778,    50.778,    10.000,     8.865,     0.100,29538,   -31195.00000,  -159865.00000,  122,   17
    8,    7,    9,    0,    0,    54.764,    52.520,    51.520,    14.142,     8.863,     0.100,29524,   -31185.00000,  -159855.00000,  123,   18
    9,    8,   10,    0,    0,    55.696,    53.452,    52.452,    14.142,     8.859,     0.100,29504,   -31175.00000,  -159845.00000,  124,   19
   10,    9,   11,    0,    0,    56.418,    54.175,    53.175,    10.000,     8.853,     0.100,29471,   -31175.00000,  -159835.00000,  124,   20
   11,   10,   12,    0,    0,    57.489,    55.247,    54.247,    14.142,     8.849,     0.100,29447,   -31165.00000,  -159825.00000,  125,   21
   12,   11,   13,    0,    0,    58.410,    56.168,    55.168,    14.142,     8.847,     0.100,29432,   -31155.00000,  -159815.00000,  126,   22
   13,   12,   14,    0,    0,    58.859,    56.617,    55.617,    10.000,     8.846,     0.100,29427,   -31155.00000,  -159805.00000,  126,   23
   14,   13,   15,    0,    0,    59.430,    57.194,    56.194,    10.000,     8.803,     0.100,29180,   -31155.00000,  -159795.00000,  126,   24
   15,   14,   16,    0,    0,    60.605,    58.370,    57.370,    14.142,     8.802,     0.100,29177,   -31145.00000,  -159785.00000,  127,   25
   16,   15,   17,    0,    0,    61.817,    59.582,    58.582,    14.142,     8.801,     0.100,29172,   -31135.00000,  -159775.00000,  128,   26
   17,   16,   18,    0,    0,    63.509,    61.274,    60.274,    14.142,     8.798,     0.100,29153,   -31125.00000,  -159765.00000,  129,   27
   18,   17,   19,    0,    0,    64.947,    62.712,    61.712,    14.142,     8.797,     0.100,29146,   -31115.00000,  -159755.00000,  130,   28
   19,   18,   20,    0,    0,    66.163,    63.929,    62.929,    14.142,     8.795,     0.100,29137,   -31105.00000,  -159745.00000,  131,   29
   20,   19,   21,    0,    0,    66.610,    64.376,    63.376,    10.000,     8.795,     0.100,29135,   -31105.00000,  -159735.00000,  131,   30
   21,   20,   22,    0,    0,    67.338,    65.104,    64.104,    14.142,     8.793,     0.100,29125,   -31095.00000,  -159725.00000,  132,   31
   22,   21,   23,    0,    0,    67.904,    65.977,    64.977,    14.142,     6.782,     0.100,18614,   -31085.00000,  -159715.00000,  133,   32
   23,   22,   24,    0,    0,    68.203,    66.277,    65.277,    10.000,     6.773,     0.100,18570,   -31085.00000,  -159705.00000,  133,   33
   24,   23,   25,    0,    0,    68.989,    67.100,    66.100,    14.142,     6.547,     0.100,17513,   -31075.00000,  -159695.00000,  134,   34
   25,   24,   26,    0,    0,    69.510,    67.621,    66.621,    14.142,     6.545,     0.100,17506,   -31065.00000,  -159685.00000,  135,   35
   26,   25,   27,    0,    0,    69.915,    68.026,    67.026,    10.000,     6.545,     0.100,17504,   -31065.00000,  -159675.00000,  135,   36
   27,   26,   28,    0,    0,    70.646,    68.758,    67.758,    10.000,     6.542,     0.100,17491,   -31065.00000,  -159665.00000,  135,   37
   28,   27,   29,    0,    0,    71.974,    70.086,    69.086,    10.000,     6.541,     0.100,17487,   -31065.00000,  -159655.00000,  135,   38
   29,   28,   30,    0,    0,    72.787,    70.899,    69.899,    10.000,     6.540,     0.100,17483,   -31065.00000,  -159645.00000,  135,   39
   30,   29,   31,    0,    0,    73.722,    71.834,    70.834,    14.142,     6.538,     0.100,17475,   -31055.00000,  -159635.00000,  136,   40
   31,   30,   32,    0,    0,    74.281,    72.394,    71.394,    10.000,     6.537,     0.100,17470,   -31055.00000,  -159625.00000,  136,   41
   32,   31,   33,    0,    0,    75.623,    73.753,    72.753,    14.142,     6.431,     0.100,16985,   -31045.00000,  -159615.00000,  137,   42
   33,   32,   34,    0,    0,    76.698,    74.828,    73.828,    10.000,     6.430,     0.100,16978,   -31035.00000,  -159615.00000,  138,   42
   34,   33,   35,    0,    0,    77.744,    75.875,    74.875,    14.142,     6.428,     0.100,16972,   -31025.00000,  -159605.00000,  139,   43
   35,   34,   36,    0,    0,    78.565,    76.696,    75.696,    10.000,     6.425,     0.100,16957,   -31015.00000,  -159605.00000,  140,   43
   36,   35,   37,    0,    0,    79.947,    78.078,    77.078,    14.142,     6.423,     0.100,16949,   -31005.00000,  -159595.00000,  141,   44
   37,   36,   38,    0,    0,    81.435,    79.567,    78.567,    14.142,     6.421,     0.100,16936,   -30995.00000,  -159585.00000,  142,   45
   38,   37,   39,    0,    0,    82.842,    80.974,    79.974,    14.142,     6.419,     0.100,16930,   -30985.00000,  -159575.00000,  143,   46
   39,   38,   40,    0,    0,    83.525,    81.657,    80.657,    10.000,     6.419,     0.100,16928,   -30975.00000,  -159575.00000,  144,   46
   40,   39,   41,    0,    0,    84.190,    82.323,    81.323,    14.142,     6.415,     0.100,16910,   -30965.00000,  -159565.00000,  145,   47
   41,   40,   42,    0,    0,    84.600,    82.733,    81.733,    10.000,     6.412,     0.100,16898,   -30955.00000,  -159565.00000,  146,   47
   42,   41,   43,    0,    0,    85.343,    83.477,    82.477,    14.142,     6.410,     0.100,16890,   -30945.00000,  -159555.00000,  147,   48
   43,   42,   44,    0,    0,    86.269,    84.403,    83.403,    14.142,     6.408,     0.100,16879,   -30935.00000,  -159545.00000,  148,   49
   44,   43,   45,    0,    0,    86.767,    84.902,    83.902,    10.000,     6.404,     0.100,16862,   -30935.00000,  -159535.00000,  148,   50
   45,   44,   46,    0,    0,    87.606,    85.741,    84.741,    14.142,     6.403,     0.100,16857,   -30925.00000,  -159525.00000,  149,   51
   46,   45,   47,    0,    0,    88.328,    86.466,    85.466,    10.000,     6.385,     0.100,16776,   -30925.00000,  -159515.00000,  149,   52
   47,   46,   48,    0,    0,    89.027,    87.165,    86.165,    10.000,     6.381,     0.100,16758,   -30925.00000,  -159505.00000,  149,   53
   48,   47,   49,    0,    0,    90.070,    88.210,    87.210,    14.142,     6.369,     0.100,16703,   -30915.00000,  -159495.00000,  150,   54
   49,   48,   50,    0,    0,    91.322,    89.463,    88.463,    14.142,     6.367,     0.100,16695,   -30905.00000,  -159485.00000,  151,   55
   50,   49,   51,    0,    0,    92.649,    90.790,    89.790,    10.000,     6.366,     0.100,16688,   -30905.00000,  -159475.00000,  151,   56
   51,   50,   52,    0,    0,    93.626,    91.767,    90.767,    14.142,     6.365,     0.100,16686,   -30895.00000,  -159465.00000,  152,   57
   52,   51,   53,    0,    0,    94.199,    92.341,    91.341,    14.142,     6.361,     0.100,16668,   -30885.00000,  -159455.00000,  153,   58
   53,   52,   54,    0,    0,    94.941,    93.083,    92.083,    14.142,     6.360,     0.100,16660,   -30875.00000,  -159445.00000,  154,   59
   54,   53,   55,    0,    0,    95.645,    93.835,    92.835,    10.000,     6.071,     0.100,15380,   -30865.00000,  -159445.00000,  155,   59
   55,   54,   56,    0,    0,    96.608,    94.799,    93.799,    10.000,     6.070,     0.100,15373,   -30855.00000,  -159445.00000,  156,   59
   56,   55,   57,    0,    0,    97.775,    95.966,    94.966,    14.142,     6.069,     0.100,15371,   -30845.00000,  -159435.00000,  157,   60
   57,   56,   58,    0,    0,    98.628,    96.819,    95.819,    14.142,     6.067,     0.100,15362,   -30835.00000,  -159425.00000,  158,   61
   58,   57,   59,    0,    0,    99.148,    97.339,    96.339,    14.142,     6.066,     0.100,15354,   -30825.00000,  -159415.00000,  159,   62
   59,   58,   60,    0,    0,    99.838,    98.034,    97.034,    10.000,     6.037,     0.100,15228,   -30825.00000,  -159405.00000,  159,   63
   60,   59,   61,    0,    0,   100.576,    98.773,    97.773,    14.142,     6.034,     0.100,15217,   -30815.00000,  -159395.00000,  160,   64
   61,   60,   62,    0,    0,   101.452,    99.649,    98.649,    10.000,     6.032,     0.100,15210,   -30815.00000,  -159385.00000,  160,   65
   62,   61,   63,    0,    0,   102.395,   100.592,    99.592,    14.142,     6.032,     0.100,15208,   -30805.00000,  -159375.00000,  161,   66
   63,   62,   64,    0,    0,   103.423,   101.621,   100.621,    14.142,     6.029,     0.100,15193,   -30795.00000,  -159365.00000,  162,   67
   64,   63,   65,    0,    0,   104.455,   102.653,   101.653,    14.142,     6.027,     0.100,15185,   -30785.00000,  -159355.00000,  163,   68
   65,   64,   66,    0,    0,   105.065,   103.263,   102.263,    14.142,     6.025,     0.100,15178,   -30775.00000,  -159345.00000,  164,   69
   66,   65,   67,    0,    0,   105.934,   104.133,   103.133,    14.142,     6.021,     0.100,15160,   -30765.00000,  -159335.00000,  165,   70
   67,   66,   68,    0,    0,   107.050,   105.249,   104.249,    14.142,     6.019,     0.100,15153,   -30755.00000,  -159325.00000,  166,   71
   68,   67,   69,    0,    0,   108.203,   106.413,   105.413,    10.000,     5.956,     0.100,14878,   -30755.00000,  -159315.00000,  166,   72
   69,   68,   70,    0,    0,   110.198,   108.408,   107.408,    10.000,     5.955,     0.100,14873,   -30755.00000,  -159305.00000,  166,   73
   70,   69,   71,    0,    0,   113.503,   111.713,   110.713,    14.142,     5.953,     0.100,14868,   -30765.00000,  -159295.00000,  165,   74
   71,   70,   72,    0,    0,   117.868,   116.079,   115.079,    10.000,     5.951,     0.100,14858,   -30765.00000,  -159285.00000,  165,   75
   72,   71,   73,    0,    0,   119.682,   117.893,   116.893,    10.000,     5.950,     0.100,14854,   -30765.00000,  -159275.00000,  165,   76
   73,   72,   74,    0,    0,   121.129,   119.340,   118.340,    14.142,     5.949,     0.100,14848,   -30755.00000,  -159265.00000,  166,   77
   74,   73,   75,    0,    0,   122.145,   120.356,   119.356,    10.000,     5.948,     0.100,14846,   -30755.00000,  -159255.00000,  166,   78
   75,   74,   76,    0,    0,   123.466,   121.678,   120.678,    10.000,     5.946,     0.100,14836,   -30755.00000,  -159245.00000,  166,   79
   76,   75,   77,    0,    0,   124.449,   122.661,   121.661,    14.142,     5.946,     0.100,14834,   -30745.00000,  -159235.00000,  167,   80
   77,   76,   78,    0,    0,   125.222,   123.437,   122.437,    10.000,     5.926,     0.100,14748,   -30745.00000,  -159225.00000,  167,   81
   78,   77,   79,    0,    0,   126.237,   124.453,   123.453,    10.000,     5.923,     0.100,14737,   -30745.00000,  -159215.00000,  167,   82
   79,   78,   80,    0,    0,   127.222,   125.438,   124.438,    10.000,     5.922,     0.100,14733,   -30745.00000,  -159205.00000,  167,   83
   80,   79,   81,    0,    0,   128.338,   126.554,   125.554,    14.142,     5.921,     0.100,14729,   -30735.00000,  -159195.00000,  168,   84
   81,   80,   82,    0,    0,   129.137,   127.355,   126.355,    10.000,     5.911,     0.100,14684,   -30735.00000,  -159185.00000,  168,   85
   82,   81,   83,    0,    0,   131.865,   130.126,   129.126,    14.142,     5.661,     0.100,13631,   -30725.00000,  -159175.00000,  169,   86
   83,   82,   84,    0,    0,   133.685,   131.946,   130.946,    10.000,     5.660,     0.100,13627,   -30715.00000,  -159175.00000,  170,   86
   84,   83,   85,    0,    0,   136.385,   134.647,   133.647,    14.142,     5.658,     0.100,13618,   -30705.00000,  -159165.00000,  171,   87
   85,   84,   86,    0,    0,   138.917,   137.179,   136.179,    14.142,     5.654,     0.100,13603,   -30695.00000,  -159155.00000,  172,   88
   86,   85,   87,    0,    0,   141.545,   139.809,   138.809,    14.142,     5.642,     0.100,13552,   -30685.00000,  -159145.00000,  173,   89
   87,   86,   88,    0,    0,   143.817,   142.082,   141.082,    14.142,     5.640,     0.100,13545,   -30675.00000,  -159135.00000,  174,   90
   88,   87,   89,    0,    0,   145.156,   143.421,   142.421,    10.000,     5.640,     0.100,13543,   -30665.00000,  -159135.00000,  175,   90
   89,   88,   90,    0,    0,   146.425,   144.690,   143.690,    14.142,     5.638,     0.100,13535,   -30655.00000,  -159125.00000,  176,   91
   90,   89,   91,    0,    0,   147.473,   145.739,   144.739,    14.142,     5.630,     0.100,13502,   -30645.00000,  -159115.00000,  177,   92
   91,   90,   92,    0,    0,   148.667,   147.089,   146.089,    10.000,     5.000,     0.100,10161,   -30645.00000,  -159105.00000,  177,   93
   92,   91,   93,    0,    0,   150.150,   148.572,   147.572,    10.000,     5.000,     0.100,10156,   -30645.00000,  -159095.00000,  177,   94
   93,   92,   94,    0,    0,   151.300,   149.722,   148.722,    14.142,     5.000,     0.100,10151,   -30655.00000,  -159085.00000,  176,   95
   94,   93,   95,    0,    0,   152.814,   151.236,   150.236,    10.000,     5.000,     0.100,10146,   -30655.00000,  -159075.00000,  176,   96
   95,   94,   96,    0,    0,   154.077,   152.500,   151.500,    10.000,     5.000,     0.100,10144,   -30655.00000,  -159065.00000,  176,   97
   96,   95,   97,    0,    0,   155.070,   153.497,   152.497,    10.000,     5.000,     0.100,10054,   -30655.00000,  -159055.00000,  176,   98
   97,   96,   98,    0,    0,   155.663,   154.090,   153.090,    10.000,     5.000,     0.100,10049,   -30655.00000,  -159045.00000,  176,   99
   98,   97,   99,    0,    0,   156.246,   154.677,   153.677,    10.000,     5.000,     0.100, 9972,   -30655.00000,  -159035.00000,  176,  100
   99,   98,  100,    0,    0,   157.572,   156.004,   155.004,    10.000,     5.000,     0.100, 9969,   -30655.00000,  -159025.00000,  176,  101
  100,   99,  101,    0,    0,   158.792,   157.224,   156.224,    10.000,     5.000,     0.100, 9965,   -30655.00000,  -159015.00000,  176,  102
  101,  100,  102,    0,    0,   159.833,   158.265,   157.265,    10.000,     5.000,     0.100, 9961,   -30655.00000,  -159005.00000,  176,  103
  102,  101,  103,    0,    0,   161.341,   159.773,   158.773,    10.000,     5.000,     0.100, 9956,   -30655.00000,  -158995.00000,  176,  104
  103,  102,  105,    0,    0,   165.075,   163.507,   162.507,    14.142,     5.000,     0.100, 9953,   -30665.00000,  -158985.00000,  175,  105
  104,  105,  107,    0,    0,   174.353,   172.993,   171.993,    10.000,     5.000,     0.100, 6465,   -30685.00000,  -158975.00000,  173,  106
  105,  103,  104,    0,    0,   170.918,   169.558,   168.558,    14.142,     5.000,     0.100, 6467,   -30675.00000,  -158975.00000,  174,  106
  106,  107,  108,    0,    0,   178.634,   177.275,   176.275,    10.000,     5.000,     0.100, 6453,   -30705.00000,  -158965.00000,  171,  107
  107,  104,  106,    0,    0,   175.894,   174.535,   173.535,    14.142,     5.000,     0.100, 6459,   -30695.00000,  -158965.00000,  172,  107
  108,  106,  109,    0,    0,   180.775,   179.416,   178.416,    14.142,     5.000,     0.100, 6451,   -30715.00000,  -158955.00000,  170,  108
  109,  108,  110,    0,    0,   185.068,   183.710,   182.710,    14.142,     5.000,     0.100, 6442,   -30725.00000,  -158945.00000,  169,  109
  110,  109,  111,    0,    0,   187.152,   185.794,   184.794,    10.000,     5.000,     0.100, 6440,   -30725.00000,  -158935.00000,  169,  110
  111,  110,  112,    0,    0,   190.557,   189.203,   188.203,    10.000,     5.000,     0.100, 6392,   -30725.00000,  -158925.00000,  169,  111
  112,  111,  113,    0,    0,   193.634,   192.280,   191.280,    14.142,     5.000,     0.100, 6388,   -30735.00000,  -158915.00000,  168,  112
  113,  112,  114,    0,    0,   195.146,   193.792,   192.792,    10.000,     5.000,     0.100, 6386,   -30735.00000,  -158905.00000,  168,  113
  114,  113,  115,    0,    0,   197.294,   195.975,   194.975,    10.000,     5.000,     0.100, 5900,   -30735.00000,  -158895.00000,  168,  114
  115,  114,  116,    0,    0,   199.329,   198.010,   197.010,    10.000,     5.000,     0.100, 5895,   -30735.00000,  -158885.00000,  168,  115
  116,  115,  117,    0,    0,   201.667,   200.349,   199.349,    14.142,     5.000,     0.100, 5891,   -30745.00000,  -158875.00000,  167,  116
  117,  116,  118,    0,    0,   203.749,   202.431,   201.431,    10.000,     5.000,     0.100, 5885,   -30745.00000,  -158865.00000,  167,  117
  118,  117,  119,    0,    0,   206.720,   205.402,   204.402,    14.142,     5.000,     0.100, 5883,   -30755.00000,  -158855.00000,  166,  118
  119,  118,  120,    0,    0,   210.525,   209.208,   208.208,    14.142,     5.000,     0.100, 5872,   -30765.00000,  -158845.00000,  165,  119
  120,  119,  121,    0,    0,   213.429,   212.114,   211.114,    14.142,     5.000,     0.100, 5843,   -30775.00000,  -158835.00000,  164,  120
  121,  120,  122,    0,    0,   215.724,   214.409,   213.409,    10.000,     5.000,     0.100, 5841,   -30775.00000,  -158825.00000,  164,  121
  122,  121,  123,    0,    0,   216.481,   215.167,   214.167,    14.142,     5.000,     0.100, 5833,   -30785.00000,  -158815.00000,  163,  122
  123,  122,  124,    0,    0,   219.804,   218.491,   217.491,    14.142,     5.000,     0.100, 5824,   -30795.00000,  -158805.00000,  162,  123
  124,  123,  125,    0,    0,   222.199,   220.890,   219.890,    10.000,     5.000,     0.100, 5770,   -30795.00000,  -158795.00000,  162,  124
  125,  124,  126,    0,    0,   226.495,   225.187,   224.187,    10.000,     5.000,     0.100, 5747,   -30795.00000,  -158785.00000,  162,  125
  126,  125,  127,    0,    0,   234.263,   232.956,   231.956,    14.142,     5.000,     0.100, 5736,   -30805.00000,  -158775.00000,  161,  126
  127,  126,  128,    0,    0,   242.052,   240.747,   239.747,    14.142,     5.000,     0.100, 5717,   -30815.00000,  -158765.00000,  160,  127
  128,  127,  129,    0,    0,   249.504,   248.201,   247.201,    14.142,     5.000,     0.100, 5690,   -30825.00000,  -158755.00000,  159,  128
  129,  128,  130,    0,    0,   252.045,   250.742,   249.742,    14.142,     5.000,     0.100, 5682,   -30835.00000,  -158745.00000,  158,  129
  130,  129,  131,    0,    0,   255.427,   254.126,   253.126,    14.142,     5.000,     0.100, 5657,   -30845.00000,  -158735.00000,  157,  130
  131,  130,  133,    0,    0,   258.646,   257.346,   256.346,    14.142,     5.000,     0.100, 5649,   -30855.00000,  -158725.00000,  156,  131
  132,  133,  134,    0,    0,   262.607,   261.309,   260.309,    10.000,     5.000,     0.100, 5614,   -30875.00000,  -158715.00000,  154,  132
  133,  131,  132,    0,    0,   261.200,   259.902,   258.902,    14.142,     5.000,     0.100, 5619,   -30865.00000,  -158715.00000,  155,  132
  134,  132,  135,    0,    0,   264.892,   263.595,   262.595,    14.142,     5.000,     0.100, 5601,   -30885.00000,  -158705.00000,  153,  133
  135,  134,  136,    0,    0,   266.554,   265.259,   264.259,    10.000,     5.000,     0.100, 5583,   -30885.00000,  -158695.00000,  153,  134
  136,  135,  137,    0,    0,   268.464,   267.169,   266.169,    14.142,     5.000,     0.100, 5581,   -30895.00000,  -158685.00000,  152,  135
  137,  136,  138,    0,    0,   270.942,   269.650,   268.650,    14.142,     5.000,     0.100, 5542,   -30905.00000,  -158675.00000,  151,  136
  138,  137,  142,    0,    0,   273.411,   272.120,   271.120,    14.142,     5.000,     0.100, 5526,   -30915.00000,  -158665.00000,  150,  137
  139,  140,  146,    0,    0,   280.310,   279.024,   278.024,    10.000,     5.000,     0.100, 5465,   -30955.00000,  -158655.00000,  146,  138
  140,  141,  139,    0,    0,   279.142,   277.855,   276.855,    10.000,     5.000,     0.100, 5472,   -30945.00000,  -158655.00000,  147,  138
  141,  142,  140,    0,    0,   277.489,   276.202,   275.202,    10.000,     5.000,     0.100, 5478,   -30935.00000,  -158655.00000,  148,  138
  142,  138,  141,    0,    0,   275.785,   274.495,   273.495,    14.142,     5.000,     0.100, 5510,   -30925.00000,  -158655.00000,  149,  138
  143,  144,  147,    0,    0,   283.489,   282.209,   281.209,    10.000,     5.000,     0.100, 5388,   -30995.00000,  -158645.00000,  142,  139
  144,  145,  143,    0,    0,   282.607,   281.326,   280.326,    10.000,     5.000,     0.100, 5395,   -30985.00000,  -158645.00000,  143,  139
  145,  146,  144,    0,    0,   281.719,   280.434,   279.434,    10.000,     5.000,     0.100, 5453,   -30975.00000,  -158645.00000,  144,  139
  146,  139,  145,    0,    0,   281.074,   279.789,   278.789,    14.142,     5.000,     0.100, 5455,   -30965.00000,  -158645.00000,  145,  139
  147,  143,  148,    0,    0,   284.089,   282.809,   281.809,    14.142,     5.000,     0.100, 5386,   -31005.00000,  -158635.00000,  141,  140
  148,  147,  149,    0,    0,   285.407,   284.128,   283.128,    14.142,     5.000,     0.100, 5376,   -31015.00000,  -158625.00000,  140,  141
  149,  148,  150,    0,    0,   286.509,   285.279,   284.279,    10.000,     5.000,     0.100, 4768,   -31015.00000,  -158615.00000,  140,  142
  150,  149,  151,    0,    0,   287.120,   285.891,   284.891,    10.000,     5.000,     0.100, 4761,   -31015.00000,  -158605.00000,  140,  143
  151,  150,  152,    0,    0,   288.144,   286.915,   285.915,    14.142,     5.000,     0.100, 4759,   -31025.00000,  -158595.00000,  139,  144
  152,  151,  153,    0,    0,   288.467,   287.239,   286.239,    10.000,     5.000,     0.100, 4755,   -31025.00000,  -158585.00000,  139,  145
  153,  152,  154,    0,    0,   288.827,   287.600,   286.600,    10.000,     5.000,     0.100, 4743,   -31025.00000,  -158575.00000,  139,  146
  154,  153,  155,    0,    0,   290.014,   288.787,   287.787,    14.142,     5.000,     0.100, 4737,   -31035.00000,  -158565.00000,  138,  147
  155,  154,  156,    0,    0,   292.372,   291.146,   290.146,    14.142,     5.000,     0.100, 4725,   -31045.00000,  -158555.00000,  137,  148
  156,  155,  157,    0,    0,   293.986,   292.761,   291.761,    14.142,     5.000,     0.100, 4712,   -31055.00000,  -158545.00000,  136,  149
  157,  156,  158,    0,    0,   296.736,   295.512,   294.512,    14.142,     5.000,     0.100, 4701,   -31065.00000,  -158535.00000,  135,  150
  158,  157,  159,    0,    0,   299.558,   298.335,   297.335,    14.142,     5.000,     0.100, 4690,   -31075.00000,  -158525.00000,  134,  151
  159,  158,  160,    0,    0,   302.382,   301.160,   300.160,    14.142,     5.000,     0.100, 4680,   -31085.00000,  -158515.00000,  133,  152
  160,  159,  161,    0,    0,   304.768,   303.547,   302.547,    14.142,     5.000,     0.100, 4669,   -31095.00000,  -158505.00000,  132,  153
  161,  160,  162,    0,    0,   307.758,   306.538,   305.538,    14.142,     5.000,     0.100, 4655,   -31105.00000,  -158495.00000,  131,  154
  162,  161,  163,    0,    0,   310.204,   308.985,   307.985,    14.142,     5.000,     0.100, 4643,   -31115.00000,  -158485.00000,  130,  155
  163,  162,  164,    0,    0,   312.908,   311.690,   310.690,    14.142,     5.000,     0.100, 4630,   -31125.00000,  -158475.00000,  129,  156
  164,  163,  165,    0,    0,   315.324,   314.107,   313.107,    14.142,     5.000,     0.100, 4617,   -31135.00000,  -158465.00000,  128,  157
  165,  164,  166,    0,    0,   317.354,   316.139,   315.139,    14.142,     5.000,     0.100, 4603,   -31145.00000,  -158455.00000,  127,  158
  166,  165,  167,    0,    0,   319.162,   317.950,   316.950,    14.142,     5.000,     0.100, 4569,   -31155.00000,  -158445.00000,  126,  159
  167,  166,  168,    0,    0,   321.902,   320.691,   319.691,    14.142,     5.000,     0.100, 4558,   -31165.00000,  -158435.00000,  125,  160
  168,  167,  173,    0,    0,   324.615,   323.404,   322.404,    14.142,     5.000,     0.100, 4549,   -31175.00000,  -158425.00000,  124,  161
  169,  170,  175,    0,    0,   336.282,   335.075,   334.075,    10.000,     5.000,     0.100, 4504,   -31225.00000,  -158415.00000,  119,  162
  170,  171,  169,    0,    0,   334.944,   333.737,   332.737,    10.000,     5.000,     0.100, 4509,   -31215.00000,  -158415.00000,  120,  162
  171,  172,  170,    0,    0,   331.886,   330.679,   329.679,    10.000,     5.000,     0.100, 4512,   -31205.00000,  -158415.00000,  121,  162
  172,  173,  171,    0,    0,   329.094,   327.886,   326.886,    10.000,     5.000,     0.100, 4515,   -31195.00000,  -158415.00000,  122,  162
  173,  168,  172,    0,    0,   327.127,   325.917,   324.917,    14.142,     5.000,     0.100, 4538,   -31185.00000,  -158415.00000,  123,  162
  174,  175,  191,    0,    0,   338.531,   337.326,   336.326,    10.000,     5.000,     0.100, 4482,   -31245.00000,  -158405.00000,  117,  163
  175,  169,  174,    0,    0,   337.044,   335.839,   334.839,    14.142,     5.000,     0.100, 4487,   -31235.00000,  -158405.00000,  118,  163
  176,  177,  194,    0,    0,   394.692,   393.692,   392.692,    10.000,     5.000,     0.100, 2458,   -31445.00000,  -158395.00000,   97,  164
  177,  178,  176,    0,    0,   390.111,   389.111,   388.111,    10.000,     5.000,     0.100, 2527,   -31435.00000,  -158395.00000,   98,  164
  178,  179,  177,    0,    0,   385.075,   384.075,   383.075,    10.000,     5.000,     0.100, 2534,   -31425.00000,  -158395.00000,   99,  164
  179,  180,  178,    0,    0,   381.143,   380.143,   379.143,    10.000,     5.000,     0.100, 2550,   -31415.00000,  -158395.00000,  100,  164
  180,  181,  179,    0,    0,   379.456,   378.455,   377.455,    10.000,     5.000,     0.100, 2554,   -31405.00000,  -158395.00000,  101,  164
  181,  182,  180,    0,    0,   378.357,   377.356,   376.356,    10.000,     5.000,     0.100, 2555,   -31395.00000,  -158395.00000,  102,  164
  182,  183,  181,    0,    0,   376.682,   375.679,   374.679,    10.000,     5.000,     0.100, 2575,   -31385.00000,  -158395.00000,  103,  164
  183,  184,  182,    0,    0,   374.262,   373.258,   372.258,    10.000,     5.000,     0.100, 2583,   -31375.00000,  -158395.00000,  104,  164
  184,  185,  183,    0,    0,   370.989,   369.984,   368.984,    10.000,     5.000,     0.100, 2588,   -31365.00000,  -158395.00000,  105,  164
  185,  186,  184,    0,    0,   367.546,   366.540,   365.540,    10.000,     5.000,     0.100, 2595,   -31355.00000,  -158395.00000,  106,  164
  186,  187,  185,    0,    0,   364.225,   363.219,   362.219,    10.000,     5.000,     0.100, 2597,   -31345.00000,  -158395.00000,  107,  164
  187,  195,  186,    0,    0,   361.218,   360.211,   359.211,    14.142,     5.000,     0.100, 2600,   -31335.00000,  -158395.00000,  108,  164
  188,  189,  197,    0,    0,   346.536,   345.337,   344.337,    10.000,     5.000,     0.100, 4422,   -31285.00000,  -158395.00000,  113,  164
  189,  190,  188,    0,    0,   344.499,   343.298,   342.298,    10.000,     5.000,     0.100, 4444,   -31275.00000,  -158395.00000,  114,  164
  190,  191,  189,    0,    0,   342.149,   340.946,   339.946,    10.000,     5.000,     0.100, 4463,   -31265.00000,  -158395.00000,  115,  164
  191,  174,  190,    0,    0,   340.003,   338.800,   337.800,    14.142,     5.000,     0.100, 4466,   -31255.00000,  -158395.00000,  116,  164
  192,  193,  200,    0,    0,   403.073,   402.073,   401.073,    10.000,     5.000,     0.100, 2435,   -31475.00000,  -158385.00000,   94,  165
  193,  194,  192,    0,    0,   400.085,   399.085,   398.085,    10.000,     5.000,     0.100, 2449,   -31465.00000,  -158385.00000,   95,  165
  194,  176,  193,    0,    0,   397.273,   396.273,   395.273,    14.142,     5.000,     0.100, 2456,   -31455.00000,  -158385.00000,   96,  165
  195,  196,  187,    0,    0,   357.908,   356.901,   355.901,    10.000,     5.000,     0.100, 2604,   -31325.00000,  -158385.00000,  109,  165
  196,  201,  195,    0,    0,   355.290,   354.282,   353.282,    14.142,     5.000,     0.100, 2608,   -31315.00000,  -158385.00000,  110,  165
  197,  188,  201,    0,    0,   349.944,   348.745,   347.745,    14.142,     5.000,     0.100, 4414,   -31295.00000,  -158385.00000,  112,  165
  198,  199,  203,    0,    0,   414.010,   413.010,   412.010,    10.000,     5.000,     0.100, 2414,   -31505.00000,  -158375.00000,   91,  166
  199,  200,  198,    0,    0,   410.420,   409.420,   408.420,    10.000,     5.000,     0.100, 2427,   -31495.00000,  -158375.00000,   92,  166
  200,  192,  199,    0,    0,   408.102,   407.102,   406.102,    14.142,     5.000,     0.100, 2430,   -31485.00000,  -158375.00000,   93,  166
  201,  197,  196,    0,    0,   352.945,   351.747,   350.747,    14.142,     5.000,     0.100, 4407,   -31305.00000,  -158375.00000,  111,  166
  202,  203,  208,    0,    0,   422.584,   421.584,   420.584,    10.000,     5.000,     0.100, 2373,   -31525.00000,  -158365.00000,   89,  167
  203,  198,  202,    0,    0,   418.100,   417.100,   416.100,    14.142,     5.000,     0.100, 2403,   -31515.00000,  -158365.00000,   90,  167
  204,  205,  209,    0,    0,   441.245,   440.245,   439.245,    10.000,     5.000,     0.100, 2306,   -31575.00000,  -158355.00000,   84,  168
  205,  206,  204,    0,    0,   438.353,   437.353,   436.353,    10.000,     5.000,     0.100, 2330,   -31565.00000,  -158355.00000,   85,  168
  206,  207,  205,    0,    0,   434.682,   433.682,   432.682,    10.000,     5.000,     0.100, 2333,   -31555.00000,  -158355.00000,   86,  168
  207,  208,  206,    0,    0,   431.453,   430.453,   429.453,    10.000,     5.000,     0.100, 2347,   -31545.00000,  -158355.00000,   87,  168
  208,  202,  207,    0,    0,   428.663,   427.663,   426.663,    14.142,     5.000,     0.100, 2349,   -31535.00000,  -158355.00000,   88,  168
  209,  204,  210,    0,    0,   444.821,   443.821,   442.821,    14.142,     5.000,     0.100, 2304,   -31585.00000,  -158345.00000,   83,  169
  210,  209,  211,    0,    0,   450.488,   449.488,   448.488,    14.142,     5.000,     0.100, 2213,   -31595.00000,  -158335.00000,   82,  170
  211,  210,  214,    0,    0,   456.769,   455.769,   454.769,    14.142,     5.000,     0.100, 2204,   -31605.00000,  -158325.00000,   81,  171
  212,  213,  216,    0,    0,   472.329,   471.329,   470.329,    10.000,     5.000,     0.100, 2150,   -31635.00000,  -158315.00000,   78,  172
  213,  214,  212,    0,    0,   467.599,   466.599,   465.599,    10.000,     5.000,     0.100, 2190,   -31625.00000,  -158315.00000,   79,  172
  214,  211,  213,    0,    0,   462.974,   461.974,   460.974,    14.142,     5.000,     0.100, 2194,   -31615.00000,  -158315.00000,   80,  172
  215,  216,  217,    0,    0,   482.772,   481.772,   480.772,    10.000,     5.000,     0.100, 2144,   -31655.00000,  -158305.00000,   76,  173
  216,  212,  215,    0,    0,   478.041,   477.041,   476.041,    14.142,     5.000,     0.100, 2146,   -31645.00000,  -158305.00000,   77,  173
  217,  215,  219,    0,    0,   489.326,   488.326,   487.326,    14.142,     5.000,     0.100, 2095,   -31665.00000,  -158295.00000,   75,  174
  218,  219,  220,    0,    0,   503.139,   502.139,   501.139,    10.000,     5.000,     0.100, 2071,   -31685.00000,  -158285.00000,   73,  175
  219,  217,  218,    0,    0,   496.587,   495.587,   494.587,    14.142,     5.000,     0.100, 2085,   -31675.00000,  -158285.00000,   74,  175
  220,  218,  221,    0,    0,   509.065,   508.065,   507.065,    14.142,     5.000,     0.100, 2069,   -31695.00000,  -158275.00000,   72,  176
  221,  220,  222,    0,    0,   513.956,   512.956,   511.956,    14.142,     5.000,     0.100, 2055,   -31705.00000,  -158265.00000,   71,  177
  222,  221,  223,    0,    0,   518.459,   517.459,   516.459,    14.142,     5.000,     0.100, 2040,   -31715.00000,  -158255.00000,   70,  178
  223,  222,  224,    0,    0,   521.834,   520.834,   519.834,    10.000,     5.000,     0.100, 2030,   -31715.00000,  -158245.00000,   70,  179
  224,  223,  225,    0,    0,   527.655,   526.655,   525.655,    14.142,     5.000,     0.100, 2003,   -31725.00000,  -158235.00000,   69,  180
  225,  224,  226,    0,    0,   534.950,   533.950,   532.950,    14.142,     5.000,     0.100, 1884,   -31735.00000,  -158225.00000,   68,  181
  226,  225,  227,    0,    0,   540.163,   539.163,   538.163,    10.000,     5.000,     0.100, 1882,   -31735.00000,  -158215.00000,   68,  182
  227,  226,  228,    0,    0,   548.749,   547.749,   546.749,    14.142,     5.000,     0.100, 1867,   -31745.00000,  -158205.00000,   67,  183
  228,  227,  230,    0,    0,   558.144,   557.144,   556.144,    14.142,     5.000,     0.100, 1852,   -31755.00000,  -158195.00000,   66,  184
  229,  230,  231,    0,    0,   567.286,   566.286,   565.286,    10.000,     5.000,     0.100, 1840,   -31765.00000,  -158185.00000,   65,  185
  230,  228,  229,    0,    0,   561.739,   560.739,   559.739,    10.000,     5.000,     0.100, 1845,   -31755.00000,  -158185.00000,   66,  185
  231,  229,  232,    0,    0,   574.018,   573.018,   572.018,    14.142,     5.000,     0.100, 1671,   -31775.00000,  -158175.00000,   64,  186
  232,  231,  233,    0,    0,   578.036,   577.036,   576.036,    14.142,     5.000,     0.100, 1661,   -31785.00000,  -158165.00000,   63,  187
  233,  232,  235,    0,    0,   582.340,   581.340,   580.340,    14.142,     5.000,     0.100, 1649,   -31795.00000,  -158155.00000,   62,  188
  234,  235,  237,    0,    0,   593.885,   592.885,   591.885,    10.000,     5.000,     0.100, 1619,   -31815.00000,  -158145.00000,   60,  189
  235,  233,  234,    0,    0,   588.523,   587.523,   586.523,    14.142,     5.000,     0.100, 1635,   -31805.00000,  -158145.00000,   61,  189
  236,  237,  239,    0,    0,   601.795,   600.795,   599.795,    10.000,     5.000,     0.100, 1589,   -31835.00000,  -158135.00000,   58,  190
  237,  234,  236,    0,    0,   598.104,   597.104,   596.104,    14.142,     5.000,     0.100, 1616,   -31825.00000,  -158135.00000,   59,  190
  238,  239,  240,    0,    0,   616.392,   615.392,   614.392,    10.000,     5.000,     0.100, 1497,   -31855.00000,  -158125.00000,   56,  191
  239,  236,  238,    0,    0,   610.589,   609.589,   608.589,    14.142,     5.000,     0.100, 1584,   -31845.00000,  -158125.00000,   57,  191
  240,  238,  241,    0,    0,   626.133,   625.133,   624.133,    14.142,     5.000,     0.100, 1263,   -31865.00000,  -158115.00000,   55,  192
  241,  240,  242,    0,    0,   636.060,   635.060,   634.060,    14.142,     5.000,     0.100, 1257,   -31875.00000,  -158105.00000,   54,  193
  242,  241,  243,    0,    0,   643.257,   642.257,   641.257,    14.142,     5.000,     0.100, 1251,   -31885.00000,  -158095.00000,   53,  194
  243,  242,  244,    0,    0,   648.335,   647.335,   646.335,    14.142,     5.000,     0.100, 1243,   -31895.00000,  -158085.00000,   52,  195
  244,  243,  245,    0,    0,   654.870,   653.870,   652.870,    14.142,     5.000,     0.100, 1234,   -31905.00000,  -158075.00000,   51,  196
  245,  244,  246,    0,    0,   664.290,   663.290,   662.290,    14.142,     5.000,     0.100, 1200,   -31915.00000,  -158065.00000,   50,  197
  246,  245,  247,    0,    0,   671.366,   670.366,   669.366,    14.142,     5.000,     0.100, 1182,   -31925.00000,  -158055.00000,   49,  198
  247,  246,  248,    0,    0,   678.735,   677.735,   676.735,    14.142,     5.000,     0.100, 1175,   -31935.00000,  -158045.00000,   48,  199
  248,  247,  249,    0,    0,   686.577,   685.577,   684.577,    14.142,     5.000,     0.100, 1157,   -31945.00000,  -158035.00000,   47,  200
  249,  248,  250,    0,    0,   695.334,   694.334,   693.334,    14.142,     5.000,     0.100, 1014,   -31955.00000,  -158025.00000,   46,  201
  250,  249,  252,    0,    0,   702.233,   701.233,   700.233,    14.142,     5.000,     0.100,  998,   -31965.00000,  -158015.00000,   45,  202
  251,  252,  253,    0,    0,   713.969,   712.969,   711.969,    10.000,     5.000,     0.100,  952,   -31985.00000,  -158005.00000,   43,  203
  252,  250,  251,    0,    0,   708.651,   707.651,   706.651,    14.142,     5.000,     0.100,  959,   -31975.00000,  -158005.00000,   44,  203
  253,  251,  255,    0,    0,   721.840,   720.840,   719.840,    14.142,     5.000,     0.100,  950,   -31995.00000,  -157995.00000,   42,  204
  254,  255,  256,    0,    0,   732.008,   731.008,   730.008,    10.000,     5.000,     0.100,  853,   -32015.00000,  -157985.00000,   40,  205
  255,  253,  254,    0,    0,   727.798,   726.798,   725.798,    14.142,     5.000,     0.100,  933,   -32005.00000,  -157985.00000,   41,  205
  256,  254,  258,    0,    0,   743.233,   742.233,   741.233,    14.142,     5.000,     0.100,  849,   -32025.00000,  -157975.00000,   39,  206
  257,  258,  260,    0,    0,   756.714,   755.714,   754.714,    10.000,     5.000,     0.100,  832,   -32045.00000,  -157965.00000,   37,  207
  258,  256,  257,    0,    0,   751.208,   750.208,   749.208,    14.142,     5.000,     0.100,  841,   -32035.00000,  -157965.00000,   38,  207
  259,  260,  261,    0,    0,   771.431,   770.431,   769.431,    10.000,     5.000,     0.100,  812,   -32065.00000,  -157955.00000,   35,  208
  260,  257,  259,    0,    0,   765.379,   764.379,   763.379,    14.142,     5.000,     0.100,  826,   -32055.00000,  -157955.00000,   36,  208
  261,  259,  263,    0,    0,   780.676,   779.676,   778.676,    14.142,     5.000,     0.100,  806,   -32075.00000,  -157945.00000,   34,  209
  262,  263,  264,    0,    0,   793.889,   792.889,   791.889,    10.000,     5.000,     0.100,  401,   -32095.00000,  -157935.00000,   32,  210
  263,  261,  262,    0,    0,   788.859,   787.859,   786.859,    14.142,     5.000,     0.100,  792,   -32085.00000,  -157935.00000,   33,  210
  264,  262,  266,    0,    0,   803.804,   802.804,   801.804,    14.142,     5.000,     0.100,  157,   -32105.00000,  -157925.00000,   31,  211
  265,  266,  267,    0,    0,   821.649,   820.649,   819.649,    10.000,     5.000,     0.100,  149,   -32125.00000,  -157915.00000,   29,  212
  266,  264,  265,    0,    0,   814.777,   813.777,   812.777,    14.142,     5.000,     0.100,  154,   -32115.00000,  -157915.00000,   30,  212
  267,  265,  269,    0,    0,   833.447,   832.447,   831.447,    14.142,     5.000,     0.100,  147,   -32135.00000,  -157905.00000,   28,  213
  268,  269,  270,    0,    0,   852.722,   851.722,   850.722,    10.000,     5.000,     0.100,  131,   -32155.00000,  -157895.00000,   26,  214
  269,  267,  268,    0,    0,   844.823,   843.823,   842.823,    14.142,     5.000,     0.100,  142,   -32145.00000,  -157895.00000,   27,  214
  270,  268,  271,    0,    0,   863.451,   862.451,   861.451,    14.142,     5.000,     0.100,  128,   -32165.00000,  -157885.00000,   25,  215
  271,  270,  272,    0,    0,   876.085,   875.085,   874.085,    14.142,     5.000,     0.100,  122,   -32175.00000,  -157875.00000,   24,  216
  272,  271,  273,    0,    0,   889.672,   888.672,   887.672,    14.142,     5.000,     0.100,  116,   -32185.00000,  -157865.00000,   23,  217
  273,  272,  274,    0,    0,   899.626,   898.626,   897.626,    14.142,     5.000,     0.100,  110,   -32195.00000,  -157855.00000,   22,  218
  274,  273,    0,    0,    0,   911.170,   910.170,   909.170,    14.142,     5.000,     0.100,  102,   -32205.00000,  -157845.00000,   21,  219
