         522
x,y,cvx,cvy,f1x,f1y,f2x,f2y,f3x,f3y,cs                                                              
     -31195.000,    -160020.000,  122,    2,    0,    0,    0,    1,    0,    0,    10.000
     -31185.000,    -160020.000,  123,    2,    0,    0,    0,    1,    0,    0,    10.000
     -31215.000,    -160010.000,  120,    3,    0,    0,    0,    1,    0,    0,    10.000
     -31205.000,    -160010.000,  121,    3,    0,    0,    0,    1,    0,    0,    10.000
     -31175.000,    -160010.000,  124,    3,    0,    0,    0,    1,    0,    0,    10.000
     -31165.000,    -160000.000,  125,    4,    0,    0,    0,    1,    0,    0,    10.000
     -31155.000,    -160000.000,  126,    4,    0,    0,    0,    1,    0,    0,    10.000
     -31145.000,    -160000.000,  127,    4,    0,    0,    0,    1,    0,    0,    10.000
     -31135.000,    -160000.000,  128,    4,    0,    0,    0,    1,    0,    0,    10.000
     -31125.000,    -160000.000,  129,    4,    0,    0,    0,    1,    0,    0,    10.000
     -31115.000,    -160000.000,  130,    4,    0,    0,    0,    1,    0,    0,    10.000
     -31105.000,    -160000.000,  131,    4,    0,    0,    0,    1,    0,    0,    10.000
     -31225.000,    -159990.000,  119,    5,    0,    0,    0,    1,    0,    0,    10.000
     -31095.000,    -159990.000,  132,    5,    0,    0,    0,    1,    0,    0,    10.000
     -31085.000,    -159990.000,  133,    5,    0,    0,    0,    1,    0,    0,    10.000
     -31075.000,    -159990.000,  134,    5,    0,    0,    0,    1,    0,    0,    10.000
     -31065.000,    -159990.000,  135,    5,    0,    0,    0,    1,    0,    0,    10.000
     -31055.000,    -159980.000,  136,    6,    0,    0,    0,    1,    0,    0,    10.000
     -31045.000,    -159970.000,  137,    7,    0,    0,    0,    1,    0,    0,    10.000
     -31035.000,    -159960.000,  138,    8,    0,    0,    0,    1,    0,    0,    10.000
     -31025.000,    -159960.000,  139,    8,    0,    0,    0,    1,    0,    0,    10.000
     -31235.000,    -159950.000,  118,    9,    0,    0,    0,    1,    0,    0,    10.000
     -31015.000,    -159950.000,  140,    9,    0,    0,    0,    1,    0,    0,    10.000
     -31255.000,    -159940.000,  116,   10,    0,    0,    0,    1,    0,    0,    10.000
     -31245.000,    -159940.000,  117,   10,    0,    0,    0,    1,    0,    0,    10.000
     -31255.000,    -159920.000,  116,   12,    0,    0,    0,    1,    0,    0,    10.000
     -31265.000,    -159900.000,  115,   14,    0,    0,    0,    1,    0,    0,    10.000
     -31005.000,    -159890.000,  141,   15,    0,    0,    0,    1,    0,    0,    10.000
     -30995.000,    -159870.000,  142,   17,    0,    0,    0,    1,    0,    0,    10.000
     -30985.000,    -159850.000,  143,   19,    0,    0,    0,    1,    0,    0,    10.000
     -31255.000,    -159830.000,  116,   21,    0,    0,    0,    1,    0,    0,    10.000
     -30975.000,    -159830.000,  144,   21,    0,    0,    0,    1,    0,    0,    10.000
     -30965.000,    -159800.000,  145,   24,    0,    0,    0,    1,    0,    0,    10.000
     -30955.000,    -159750.000,  146,   29,    0,    0,    0,    1,    0,    0,    10.000
     -30945.000,    -159730.000,  147,   31,    0,    0,    0,    1,    0,    0,    10.000
     -30935.000,    -159730.000,  148,   31,    0,    0,    0,    1,    0,    0,    10.000
     -31245.000,    -159720.000,  117,   32,    0,    0,    0,    1,    0,    0,    10.000
     -30925.000,    -159720.000,  149,   32,    0,    0,    0,    1,    0,    0,    10.000
     -30915.000,    -159710.000,  150,   33,    0,    0,    0,    1,    0,    0,    10.000
     -30725.000,    -159710.000,  169,   33,    0,    0,    0,    1,    0,    0,    10.000
     -30715.000,    -159710.000,  170,   33,    0,    0,    0,    1,    0,    0,    10.000
     -31255.000,    -159700.000,  116,   34,    0,    0,    0,    1,    0,    0,    10.000
     -30905.000,    -159700.000,  151,   34,    0,    0,    0,    1,    0,    0,    10.000
     -30895.000,    -159700.000,  152,   34,    0,    0,    0,    1,    0,    0,    10.000
     -30885.000,    -159700.000,  153,   34,    0,    0,    0,    1,    0,    0,    10.000
     -30875.000,    -159700.000,  154,   34,    0,    0,    0,    1,    0,    0,    10.000
     -30865.000,    -159700.000,  155,   34,    0,    0,    0,    1,    0,    0,    10.000
     -30735.000,    -159700.000,  168,   34,    0,    0,    0,    1,    0,    0,    10.000
     -30705.000,    -159700.000,  171,   34,    0,    0,    0,    1,    0,    0,    10.000
     -30695.000,    -159700.000,  172,   34,    0,    0,    0,    1,    0,    0,    10.000
     -30855.000,    -159690.000,  156,   35,    0,    0,    0,    1,    0,    0,    10.000
     -30755.000,    -159690.000,  166,   35,    0,    0,    0,    1,    0,    0,    10.000
     -30745.000,    -159690.000,  167,   35,    0,    0,    0,    1,    0,    0,    10.000
     -30685.000,    -159690.000,  173,   35,    0,    0,    0,    1,    0,    0,    10.000
     -30675.000,    -159690.000,  174,   35,    0,    0,    0,    1,    0,    0,    10.000
     -30845.000,    -159680.000,  157,   36,    0,    0,    0,    1,    0,    0,    10.000
     -30835.000,    -159680.000,  158,   36,    0,    0,    0,    1,    0,    0,    10.000
     -30825.000,    -159680.000,  159,   36,    0,    0,    0,    1,    0,    0,    10.000
     -30765.000,    -159680.000,  165,   36,    0,    0,    0,    1,    0,    0,    10.000
     -30665.000,    -159680.000,  175,   36,    0,    0,    0,    1,    0,    0,    10.000
     -30655.000,    -159680.000,  176,   36,    0,    0,    0,    1,    0,    0,    10.000
     -30645.000,    -159680.000,  177,   36,    0,    0,    0,    1,    0,    0,    10.000
     -30635.000,    -159680.000,  178,   36,    0,    0,    0,    1,    0,    0,    10.000
     -30625.000,    -159680.000,  179,   36,    0,    0,    0,    1,    0,    0,    10.000
     -30815.000,    -159670.000,  160,   37,    0,    0,    0,    1,    0,    0,    10.000
     -30805.000,    -159670.000,  161,   37,    0,    0,    0,    1,    0,    0,    10.000
     -30795.000,    -159670.000,  162,   37,    0,    0,    0,    1,    0,    0,    10.000
     -30785.000,    -159670.000,  163,   37,    0,    0,    0,    1,    0,    0,    10.000
     -30775.000,    -159670.000,  164,   37,    0,    0,    0,    1,    0,    0,    10.000
     -30615.000,    -159670.000,  180,   37,    0,    0,    0,    1,    0,    0,    10.000
     -30605.000,    -159670.000,  181,   37,    0,    0,    0,    1,    0,    0,    10.000
     -31265.000,    -159640.000,  115,   40,    0,    0,    0,    1,    0,    0,    10.000
     -30595.000,    -159640.000,  182,   40,    0,    0,    0,    1,    0,    0,    10.000
     -30585.000,    -159640.000,  183,   40,    0,    0,    0,    1,    0,    0,    10.000
     -31275.000,    -159630.000,  114,   41,    0,    0,    0,    1,    0,    0,    10.000
     -30575.000,    -159630.000,  184,   41,    0,    0,    0,    1,    0,    0,    10.000
     -30565.000,    -159630.000,  185,   41,    0,    0,    0,    1,    0,    0,    10.000
     -31285.000,    -159610.000,  113,   43,    0,    0,    0,    1,    0,    0,    10.000
     -30565.000,    -159590.000,  185,   45,    0,    0,    0,    1,    0,    0,    10.000
     -30555.000,    -159580.000,  186,   46,    0,    0,    0,    1,    0,    0,    10.000
     -30545.000,    -159580.000,  187,   46,    0,    0,    0,    1,    0,    0,    10.000
     -30535.000,    -159580.000,  188,   46,    0,    0,    0,    1,    0,    0,    10.000
     -30525.000,    -159570.000,  189,   47,    0,    0,    0,    1,    0,    0,    10.000
     -30515.000,    -159560.000,  190,   48,    0,    0,    0,    1,    0,    0,    10.000
     -30505.000,    -159540.000,  191,   50,    0,    0,    0,    1,    0,    0,    10.000
     -30495.000,    -159520.000,  192,   52,    0,    0,    0,    1,    0,    0,    10.000
     -30485.000,    -159510.000,  193,   53,    0,    0,    0,    1,    0,    0,    10.000
     -30475.000,    -159500.000,  194,   54,    0,    0,    0,    1,    0,    0,    10.000
     -30465.000,    -159490.000,  195,   55,    0,    0,    0,    1,    0,    0,    10.000
     -30455.000,    -159480.000,  196,   56,    0,    0,    0,    1,    0,    0,    10.000
     -30445.000,    -159480.000,  197,   56,    0,    0,    0,    1,    0,    0,    10.000
     -30405.000,    -159480.000,  201,   56,    0,    0,    0,    1,    0,    0,    10.000
     -30395.000,    -159480.000,  202,   56,    0,    0,    0,    1,    0,    0,    10.000
     -30435.000,    -159470.000,  198,   57,    0,    0,    0,    1,    0,    0,    10.000
     -30425.000,    -159470.000,  199,   57,    0,    0,    0,    1,    0,    0,    10.000
     -30415.000,    -159470.000,  200,   57,    0,    0,    0,    1,    0,    0,    10.000
     -30385.000,    -159460.000,  203,   58,    0,    0,    0,    1,    0,    0,    10.000
     -30375.000,    -159390.000,  204,   65,    0,    0,    0,    1,    0,    0,    10.000
     -30365.000,    -159380.000,  205,   66,    0,    0,    0,    1,    0,    0,    10.000
     -30355.000,    -159370.000,  206,   67,    0,    0,    0,    1,    0,    0,    10.000
     -30345.000,    -159360.000,  207,   68,    0,    0,    0,    1,    0,    0,    10.000
     -30335.000,    -159360.000,  208,   68,    0,    0,    0,    1,    0,    0,    10.000
     -30325.000,    -159350.000,  209,   69,    0,    0,    0,    1,    0,    0,    10.000
     -30315.000,    -159340.000,  210,   70,    0,    0,    0,    1,    0,    0,    10.000
     -30305.000,    -159330.000,  211,   71,    0,    0,    0,    1,    0,    0,    10.000
     -30295.000,    -159330.000,  212,   71,    0,    0,    0,    1,    0,    0,    10.000
     -30285.000,    -159320.000,  213,   72,    0,    0,    0,    1,    0,    0,    10.000
     -30275.000,    -159320.000,  214,   72,    0,    0,    0,    1,    0,    0,    10.000
     -30265.000,    -159310.000,  215,   73,    0,    0,    0,    1,    0,    0,    10.000
     -30255.000,    -159300.000,  216,   74,    0,    0,    0,    1,    0,    0,    10.000
     -30245.000,    -159300.000,  217,   74,    0,    0,    0,    1,    0,    0,    10.000
     -30225.000,    -159290.000,  219,   75,    0,    0,    0,    1,    0,    0,    10.000
     -31225.000,    -159280.000,  119,   76,    0,    0,    0,    1,    0,    0,    10.000
     -30235.000,    -159280.000,  218,   76,    0,    0,    0,    1,    0,    0,    10.000
     -30215.000,    -159280.000,  220,   76,    0,    0,    0,    1,    0,    0,    10.000
     -30205.000,    -159280.000,  221,   76,    0,    0,    0,    1,    0,    0,    10.000
     -30185.000,    -159280.000,  223,   76,    0,    0,    0,    1,    0,    0,    10.000
     -30195.000,    -159270.000,  222,   77,    0,    0,    0,    1,    0,    0,    10.000
     -30175.000,    -159270.000,  224,   77,    0,    0,    0,    1,    0,    0,    10.000
     -30165.000,    -159270.000,  225,   77,    0,    0,    0,    1,    0,    0,    10.000
     -31235.000,    -159260.000,  118,   78,    0,    0,    0,    1,    0,    0,    10.000
     -30155.000,    -159150.000,  226,   89,    0,    0,    0,    1,    0,    0,    10.000
     -30145.000,    -159140.000,  227,   90,    0,    0,    0,    1,    0,    0,    10.000
     -30135.000,    -159140.000,  228,   90,    0,    0,    0,    1,    0,    0,    10.000
     -30125.000,    -159130.000,  229,   91,    0,    0,    0,    1,    0,    0,    10.000
     -30115.000,    -159120.000,  230,   92,    0,    0,    0,    1,    0,    0,    10.000
     -31245.000,    -159110.000,  117,   93,    0,    0,    0,    1,    0,    0,    10.000
     -30105.000,    -159080.000,  231,   96,    0,    0,    0,    1,    0,    0,    10.000
     -31255.000,    -159060.000,  116,   98,    0,    0,    0,    1,    0,    0,    10.000
     -30095.000,    -159050.000,  232,   99,    0,    0,    0,    1,    0,    0,    10.000
     -31265.000,    -159040.000,  115,  100,    0,    0,    0,    1,    0,    0,    10.000
     -30085.000,    -159030.000,  233,  101,    0,    0,    0,    1,    0,    0,    10.000
     -30075.000,    -159020.000,  234,  102,    0,    0,    0,    1,    0,    0,    10.000
     -31275.000,    -159010.000,  114,  103,    0,    0,    0,    1,    0,    0,    10.000
     -30065.000,    -159010.000,  235,  103,    0,    0,    0,    1,    0,    0,    10.000
     -30055.000,    -159010.000,  236,  103,    0,    0,    0,    1,    0,    0,    10.000
     -30045.000,    -159000.000,  237,  104,    0,    0,    0,    1,    0,    0,    10.000
     -30035.000,    -159000.000,  238,  104,    0,    0,    0,    1,    0,    0,    10.000
     -31285.000,    -158980.000,  113,  106,    0,    0,    0,    1,    0,    0,    10.000
     -31295.000,    -158970.000,  112,  107,    0,    0,    0,    1,    0,    0,    10.000
     -31305.000,    -158950.000,  111,  109,    0,    0,    0,    1,    0,    0,    10.000
     -31315.000,    -158940.000,  110,  110,    0,    0,    0,    1,    0,    0,    10.000
     -31325.000,    -158900.000,  109,  114,    0,    0,    0,    1,    0,    0,    10.000
     -30045.000,    -158900.000,  237,  114,    0,    0,    0,    1,    0,    0,    10.000
     -30035.000,    -158880.000,  238,  116,    0,    0,    0,    1,    0,    0,    10.000
     -30025.000,    -158870.000,  239,  117,    0,    0,    0,    1,    0,    0,    10.000
     -31335.000,    -158850.000,  108,  119,    0,    0,    0,    1,    0,    0,    10.000
     -31345.000,    -158820.000,  107,  122,    0,    0,    0,    1,    0,    0,    10.000
     -31355.000,    -158800.000,  106,  124,    0,    0,    0,    1,    0,    0,    10.000
     -31375.000,    -158790.000,  104,  125,    0,    0,    0,    1,    0,    0,    10.000
     -31365.000,    -158790.000,  105,  125,    0,    0,    0,    1,    0,    0,    10.000
     -31385.000,    -158780.000,  103,  126,    0,    0,    0,    1,    0,    0,    10.000
     -30115.000,    -158750.000,  230,  129,    0,    0,    0,    1,    0,    0,    10.000
     -31395.000,    -158740.000,  102,  130,    0,    0,    0,    1,    0,    0,    10.000
     -31405.000,    -158730.000,  101,  131,    0,    0,    0,    1,    0,    0,    10.000
     -31415.000,    -158720.000,  100,  132,    0,    0,    0,    1,    0,    0,    10.000
     -31425.000,    -158710.000,   99,  133,    0,    0,    0,    1,    0,    0,    10.000
     -31435.000,    -158700.000,   98,  134,    0,    0,    0,    1,    0,    0,    10.000
     -31445.000,    -158690.000,   97,  135,    0,    0,    0,    1,    0,    0,    10.000
     -31455.000,    -158650.000,   96,  139,    0,    0,    0,    1,    0,    0,    10.000
     -30175.000,    -158650.000,  224,  139,    0,    0,    0,    1,    0,    0,    10.000
     -30165.000,    -158630.000,  225,  141,    0,    0,    0,    1,    0,    0,    10.000
     -31465.000,    -158610.000,   95,  143,    0,    0,    0,    1,    0,    0,    10.000
     -31475.000,    -158600.000,   94,  144,    0,    0,    0,    1,    0,    0,    10.000
     -31485.000,    -158590.000,   93,  145,    0,    0,    0,    1,    0,    0,    10.000
     -31495.000,    -158580.000,   92,  146,    0,    0,    0,    1,    0,    0,    10.000
     -31505.000,    -158560.000,   91,  148,    0,    0,    0,    1,    0,    0,    10.000
     -31515.000,    -158540.000,   90,  150,    0,    0,    0,    1,    0,    0,    10.000
     -31525.000,    -158530.000,   89,  151,    0,    0,    0,    1,    0,    0,    10.000
     -31535.000,    -158520.000,   88,  152,    0,    0,    0,    1,    0,    0,    10.000
     -31545.000,    -158510.000,   87,  153,    0,    0,    0,    1,    0,    0,    10.000
     -31555.000,    -158500.000,   86,  154,    0,    0,    0,    1,    0,    0,    10.000
     -31565.000,    -158480.000,   85,  156,    0,    0,    0,    1,    0,    0,    10.000
     -31575.000,    -158460.000,   84,  158,    0,    0,    0,    1,    0,    0,    10.000
     -31585.000,    -158450.000,   83,  159,    0,    0,    0,    1,    0,    0,    10.000
     -31615.000,    -158440.000,   80,  160,    0,    0,    0,    1,    0,    0,    10.000
     -31605.000,    -158440.000,   81,  160,    0,    0,    0,    1,    0,    0,    10.000
     -31595.000,    -158440.000,   82,  160,    0,    0,    0,    1,    0,    0,    10.000
     -31645.000,    -158430.000,   77,  161,    0,    0,    0,    1,    0,    0,    10.000
     -31635.000,    -158430.000,   78,  161,    0,    0,    0,    1,    0,    0,    10.000
     -31625.000,    -158430.000,   79,  161,    0,    0,    0,    1,    0,    0,    10.000
     -31655.000,    -158420.000,   76,  162,    0,    0,    0,    1,    0,    0,    10.000
     -31665.000,    -158410.000,   75,  163,    0,    0,    0,    1,    0,    0,    10.000
     -31685.000,    -158400.000,   73,  164,    0,    0,    0,    1,    0,    0,    10.000
     -31675.000,    -158400.000,   74,  164,    0,    0,    0,    1,    0,    0,    10.000
     -31705.000,    -158390.000,   71,  165,    0,    0,    0,    1,    0,    0,    10.000
     -31695.000,    -158390.000,   72,  165,    0,    0,    0,    1,    0,    0,    10.000
     -31725.000,    -158380.000,   69,  166,    0,    0,    0,    1,    0,    0,    10.000
     -31715.000,    -158380.000,   70,  166,    0,    0,    0,    1,    0,    0,    10.000
     -31735.000,    -158370.000,   68,  167,    0,    0,    0,    1,    0,    0,    10.000
     -31745.000,    -158360.000,   67,  168,    0,    0,    0,    1,    0,    0,    10.000
     -31755.000,    -158350.000,   66,  169,    0,    0,    0,    1,    0,    0,    10.000
     -31765.000,    -158330.000,   65,  171,    0,    0,    0,    1,    0,    0,    10.000
     -31785.000,    -158320.000,   63,  172,    0,    0,    0,    1,    0,    0,    10.000
     -31775.000,    -158320.000,   64,  172,    0,    0,    0,    1,    0,    0,    10.000
     -31815.000,    -158310.000,   60,  173,    0,    0,    0,    1,    0,    0,    10.000
     -31805.000,    -158310.000,   61,  173,    0,    0,    0,    1,    0,    0,    10.000
     -31795.000,    -158310.000,   62,  173,    0,    0,    0,    1,    0,    0,    10.000
     -31855.000,    -158300.000,   56,  174,    0,    0,    0,    1,    0,    0,    10.000
     -31845.000,    -158300.000,   57,  174,    0,    0,    0,    1,    0,    0,    10.000
     -31835.000,    -158300.000,   58,  174,    0,    0,    0,    1,    0,    0,    10.000
     -31825.000,    -158300.000,   59,  174,    0,    0,    0,    1,    0,    0,    10.000
     -31895.000,    -158290.000,   52,  175,    0,    0,    0,    1,    0,    0,    10.000
     -31885.000,    -158290.000,   53,  175,    0,    0,    0,    1,    0,    0,    10.000
     -31875.000,    -158290.000,   54,  175,    0,    0,    0,    1,    0,    0,    10.000
     -31865.000,    -158290.000,   55,  175,    0,    0,    0,    1,    0,    0,    10.000
     -31905.000,    -158280.000,   51,  176,    0,    0,    0,    1,    0,    0,    10.000
     -31915.000,    -158270.000,   50,  177,    0,    0,    0,    1,    0,    0,    10.000
     -31965.000,    -158260.000,   45,  178,    0,    0,    0,    1,    0,    0,    10.000
     -31955.000,    -158260.000,   46,  178,    0,    0,    0,    1,    0,    0,    10.000
     -31945.000,    -158260.000,   47,  178,    0,    0,    0,    1,    0,    0,    10.000
     -31935.000,    -158260.000,   48,  178,    0,    0,    0,    1,    0,    0,    10.000
     -31925.000,    -158260.000,   49,  178,    0,    0,    0,    1,    0,    0,    10.000
     -31975.000,    -158250.000,   44,  179,    0,    0,    0,    1,    0,    0,    10.000
     -31985.000,    -158210.000,   43,  183,    0,    0,    0,    1,    0,    0,    10.000
     -32005.000,    -158190.000,   41,  185,    0,    0,    0,    1,    0,    0,    10.000
     -31995.000,    -158190.000,   42,  185,    0,    0,    0,    1,    0,    0,    10.000
     -32015.000,    -158180.000,   40,  186,    0,    0,    0,    1,    0,    0,    10.000
     -32035.000,    -158160.000,   38,  188,    0,    0,    0,    1,    0,    0,    10.000
     -32025.000,    -158160.000,   39,  188,    0,    0,    0,    1,    0,    0,    10.000
     -32055.000,    -158150.000,   36,  189,    0,    0,    0,    1,    0,    0,    10.000
     -32045.000,    -158150.000,   37,  189,    0,    0,    0,    1,    0,    0,    10.000
     -32065.000,    -158140.000,   35,  190,    0,    0,    0,    1,    0,    0,    10.000
     -30395.000,    -158140.000,  202,  190,    0,    0,    0,    1,    0,    0,    10.000
     -32085.000,    -158130.000,   33,  191,    0,    0,    0,    1,    0,    0,    10.000
     -32075.000,    -158130.000,   34,  191,    0,    0,    0,    1,    0,    0,    10.000
     -32095.000,    -158120.000,   32,  192,    0,    0,    0,    1,    0,    0,    10.000
     -30385.000,    -158120.000,  203,  192,    0,    0,    0,    1,    0,    0,    10.000
     -32105.000,    -158110.000,   31,  193,    0,    0,    0,    1,    0,    0,    10.000
     -30375.000,    -158110.000,  204,  193,    0,    0,    0,    1,    0,    0,    10.000
     -32185.000,    -158100.000,   23,  194,    0,    0,    0,    1,    0,    0,    10.000
     -32125.000,    -158100.000,   29,  194,    0,    0,    0,    1,    0,    0,    10.000
     -32115.000,    -158100.000,   30,  194,    0,    0,    0,    1,    0,    0,    10.000
     -32175.000,    -158090.000,   24,  195,    0,    0,    0,    1,    0,    0,    10.000
     -32165.000,    -158090.000,   25,  195,    0,    0,    0,    1,    0,    0,    10.000
     -32155.000,    -158090.000,   26,  195,    0,    0,    0,    1,    0,    0,    10.000
     -32145.000,    -158090.000,   27,  195,    0,    0,    0,    1,    0,    0,    10.000
     -32135.000,    -158090.000,   28,  195,    0,    0,    0,    1,    0,    0,    10.000
     -32195.000,    -158080.000,   22,  196,    0,    0,    0,    1,    0,    0,    10.000
     -32195.000,    -158020.000,   22,  202,    0,    0,    0,    1,    0,    0,    10.000
     -32205.000,    -158010.000,   21,  203,    0,    0,    0,    1,    0,    0,    10.000
     -32215.000,    -158000.000,   20,  204,    0,    0,    0,    1,    0,    0,    10.000
     -32225.000,    -157990.000,   19,  205,    0,    0,    0,    1,    0,    0,    10.000
     -32235.000,    -157980.000,   18,  206,    0,    0,    0,    1,    0,    0,    10.000
     -32255.000,    -157970.000,   16,  207,    0,    0,    0,    1,    0,    0,    10.000
     -32245.000,    -157970.000,   17,  207,    0,    0,    0,    1,    0,    0,    10.000
     -32265.000,    -157960.000,   15,  208,    0,    0,    0,    1,    0,    0,    10.000
     -32275.000,    -157950.000,   14,  209,    0,    0,    0,    1,    0,    0,    10.000
     -32285.000,    -157930.000,   13,  211,    0,    0,    0,    1,    0,    0,    10.000
     -32295.000,    -157920.000,   12,  212,    0,    0,    0,    1,    0,    0,    10.000
     -32305.000,    -157910.000,   11,  213,    0,    0,    0,    1,    0,    0,    10.000
     -32315.000,    -157880.000,   10,  216,    0,    0,    0,    1,    0,    0,    10.000
     -32325.000,    -157870.000,    9,  217,    0,    0,    0,    1,    0,    0,    10.000
     -32335.000,    -157860.000,    8,  218,    0,    0,    0,    1,    0,    0,    10.000
     -32345.000,    -157850.000,    7,  219,    0,    0,    0,    1,    0,    0,    10.000
     -32355.000,    -157840.000,    6,  220,    0,    0,    0,    1,    0,    0,    10.000
     -32365.000,    -157820.000,    5,  222,    0,    0,    0,    1,    0,    0,    10.000
     -32375.000,    -157780.000,    4,  226,    0,    0,    0,    1,    0,    0,    10.000
     -32385.000,    -157770.000,    3,  227,    0,    0,    0,    1,    0,    0,    10.000
     -32115.000,    -157560.000,   30,  248,    0,    0,    0,    1,    0,    0,    10.000
     -32125.000,    -157520.000,   29,  252,    0,    0,    0,    1,    0,    0,    10.000
     -31255.000,    -159930.000,  116,   11,    0,   -1,    0,   -1,    0,   -2,    10.000
     -31265.000,    -159890.000,  115,   15,    0,   -1,    0,   -1,    0,   -2,    10.000
     -31255.000,    -159880.000,  116,   16,    0,   -1,    0,   -1,    0,   -2,    10.000
     -31255.000,    -159740.000,  116,   30,    0,   -1,    0,   -1,    0,   -2,    10.000
     -31245.000,    -159730.000,  117,   31,    0,   -1,    0,   -1,    0,   -2,    10.000
     -30565.000,    -159600.000,  185,   44,    0,   -1,    0,   -1,    0,   -2,    10.000
     -31285.000,    -159570.000,  113,   47,    0,   -1,    0,   -1,    0,   -2,    10.000
     -31275.000,    -159520.000,  114,   52,    0,   -1,    0,   -1,    0,   -2,    10.000
     -31265.000,    -159520.000,  115,   52,    0,   -1,    0,   -1,    0,   -2,    10.000
     -31255.000,    -159480.000,  116,   56,    0,   -1,    0,   -1,    0,   -2,    10.000
     -31245.000,    -159420.000,  117,   62,    0,   -1,    0,   -1,    0,   -2,    10.000
     -31235.000,    -159390.000,  118,   65,    0,   -1,    0,   -1,    0,   -2,    10.000
     -31225.000,    -159380.000,  119,   66,    0,   -1,    0,   -1,    0,   -2,    10.000
     -30035.000,    -158950.000,  238,  109,    0,   -1,    0,   -1,    0,   -2,    10.000
     -30045.000,    -158930.000,  237,  111,    0,   -1,    0,   -1,    0,   -2,    10.000
     -30065.000,    -158840.000,  235,  120,    0,   -1,    0,   -1,    0,   -2,    10.000
     -30055.000,    -158840.000,  236,  120,    0,   -1,    0,   -1,    0,   -2,    10.000
     -30045.000,    -158840.000,  237,  120,    0,   -1,    0,   -1,    0,   -2,    10.000
     -30035.000,    -158840.000,  238,  120,    0,   -1,    0,   -1,    0,   -2,    10.000
     -30025.000,    -158840.000,  239,  120,    0,   -1,    0,   -1,    0,   -2,    10.000
     -30075.000,    -158830.000,  234,  121,    0,   -1,    0,   -1,    0,   -2,    10.000
     -30085.000,    -158820.000,  233,  122,    0,   -1,    0,   -1,    0,   -2,    10.000
     -30095.000,    -158800.000,  232,  124,    0,   -1,    0,   -1,    0,   -2,    10.000
     -30105.000,    -158770.000,  231,  127,    0,   -1,    0,   -1,    0,   -2,    10.000
     -30115.000,    -158760.000,  230,  128,    0,   -1,    0,   -1,    0,   -2,    10.000
     -30115.000,    -158740.000,  230,  130,    0,   -1,    0,   -1,    0,   -2,    10.000
     -30125.000,    -158730.000,  229,  131,    0,   -1,    0,   -1,    0,   -2,    10.000
     -30135.000,    -158720.000,  228,  132,    0,   -1,    0,   -1,    0,   -2,    10.000
     -30155.000,    -158710.000,  226,  133,    0,   -1,    0,   -1,    0,   -2,    10.000
     -30145.000,    -158710.000,  227,  133,    0,   -1,    0,   -1,    0,   -2,    10.000
     -30165.000,    -158700.000,  225,  134,    0,   -1,    0,   -1,    0,   -2,    10.000
     -30175.000,    -158680.000,  224,  136,    0,   -1,    0,   -1,    0,   -2,    10.000
     -30165.000,    -158540.000,  225,  150,    0,   -1,    0,   -1,    0,   -2,    10.000
     -30175.000,    -158520.000,  224,  152,    0,   -1,    0,   -1,    0,   -2,    10.000
     -30185.000,    -158510.000,  223,  153,    0,   -1,    0,   -1,    0,   -2,    10.000
     -30195.000,    -158500.000,  222,  154,    0,   -1,    0,   -1,    0,   -2,    10.000
     -30205.000,    -158480.000,  221,  156,    0,   -1,    0,   -1,    0,   -2,    10.000
     -30215.000,    -158470.000,  220,  157,    0,   -1,    0,   -1,    0,   -2,    10.000
     -30225.000,    -158440.000,  219,  160,    0,   -1,    0,   -1,    0,   -2,    10.000
     -30235.000,    -158420.000,  218,  162,    0,   -1,    0,   -1,    0,   -2,    10.000
     -30245.000,    -158410.000,  217,  163,    0,   -1,    0,   -1,    0,   -2,    10.000
     -30255.000,    -158400.000,  216,  164,    0,   -1,    0,   -1,    0,   -2,    10.000
     -30265.000,    -158390.000,  215,  165,    0,   -1,    0,   -1,    0,   -2,    10.000
     -30275.000,    -158380.000,  214,  166,    0,   -1,    0,   -1,    0,   -2,    10.000
     -30285.000,    -158350.000,  213,  169,    0,   -1,    0,   -1,    0,   -2,    10.000
     -30295.000,    -158320.000,  212,  172,    0,   -1,    0,   -1,    0,   -2,    10.000
     -30305.000,    -158310.000,  211,  173,    0,   -1,    0,   -1,    0,   -2,    10.000
     -30315.000,    -158290.000,  210,  175,    0,   -1,    0,   -1,    0,   -2,    10.000
     -30325.000,    -158280.000,  209,  176,    0,   -1,    0,   -1,    0,   -2,    10.000
     -30335.000,    -158270.000,  208,  177,    0,   -1,    0,   -1,    0,   -2,    10.000
     -30355.000,    -158260.000,  206,  178,    0,   -1,    0,   -1,    0,   -2,    10.000
     -30345.000,    -158260.000,  207,  178,    0,   -1,    0,   -1,    0,   -2,    10.000
     -30365.000,    -158250.000,  205,  179,    0,   -1,    0,   -1,    0,   -2,    10.000
     -30375.000,    -158230.000,  204,  181,    0,   -1,    0,   -1,    0,   -2,    10.000
     -30385.000,    -158200.000,  203,  184,    0,   -1,    0,   -1,    0,   -2,    10.000
     -30395.000,    -158160.000,  202,  188,    0,   -1,    0,   -1,    0,   -2,    10.000
     -30375.000,    -158070.000,  204,  197,    0,   -1,    0,   -1,    0,   -2,    10.000
     -30385.000,    -158050.000,  203,  199,    0,   -1,    0,   -1,    0,   -2,    10.000
     -32195.000,    -158030.000,   22,  201,    0,   -1,    0,   -1,    0,   -2,    10.000
     -30395.000,    -158020.000,  202,  202,    0,   -1,    0,   -1,    0,   -2,    10.000
     -30405.000,    -157970.000,  201,  207,    0,   -1,    0,   -1,    0,   -2,    10.000
     -30415.000,    -157950.000,  200,  209,    0,   -1,    0,   -1,    0,   -2,    10.000
     -30425.000,    -157940.000,  199,  210,    0,   -1,    0,   -1,    0,   -2,    10.000
     -30435.000,    -157930.000,  198,  211,    0,   -1,    0,   -1,    0,   -2,    10.000
     -30445.000,    -157830.000,  197,  221,    0,   -1,    0,   -1,    0,   -2,    10.000
     -30455.000,    -157800.000,  196,  224,    0,   -1,    0,   -1,    0,   -2,    10.000
     -30465.000,    -157770.000,  195,  227,    0,   -1,    0,   -1,    0,   -2,    10.000
     -30475.000,    -157760.000,  194,  228,    0,   -1,    0,   -1,    0,   -2,    10.000
     -30485.000,    -157750.000,  193,  229,    0,   -1,    0,   -1,    0,   -2,    10.000
     -32385.000,    -157740.000,    3,  230,    0,   -1,    0,   -1,    0,   -2,    10.000
     -32375.000,    -157730.000,    4,  231,    0,   -1,    0,   -1,    0,   -2,    10.000
     -32365.000,    -157730.000,    5,  231,    0,   -1,    0,   -1,    0,   -2,    10.000
     -30495.000,    -157730.000,  192,  231,    0,   -1,    0,   -1,    0,   -2,    10.000
     -32355.000,    -157720.000,    6,  232,    0,   -1,    0,   -1,    0,   -2,    10.000
     -32345.000,    -157710.000,    7,  233,    0,   -1,    0,   -1,    0,   -2,    10.000
     -30505.000,    -157710.000,  191,  233,    0,   -1,    0,   -1,    0,   -2,    10.000
     -32335.000,    -157700.000,    8,  234,    0,   -1,    0,   -1,    0,   -2,    10.000
     -32325.000,    -157700.000,    9,  234,    0,   -1,    0,   -1,    0,   -2,    10.000
     -32315.000,    -157700.000,   10,  234,    0,   -1,    0,   -1,    0,   -2,    10.000
     -32305.000,    -157690.000,   11,  235,    0,   -1,    0,   -1,    0,   -2,    10.000
     -32295.000,    -157690.000,   12,  235,    0,   -1,    0,   -1,    0,   -2,    10.000
     -32285.000,    -157690.000,   13,  235,    0,   -1,    0,   -1,    0,   -2,    10.000
     -32275.000,    -157690.000,   14,  235,    0,   -1,    0,   -1,    0,   -2,    10.000
     -32265.000,    -157690.000,   15,  235,    0,   -1,    0,   -1,    0,   -2,    10.000
     -30515.000,    -157690.000,  190,  235,    0,   -1,    0,   -1,    0,   -2,    10.000
     -32255.000,    -157680.000,   16,  236,    0,   -1,    0,   -1,    0,   -2,    10.000
     -30795.000,    -157680.000,  162,  236,    0,   -1,    0,   -1,    0,   -2,    10.000
     -30785.000,    -157680.000,  163,  236,    0,   -1,    0,   -1,    0,   -2,    10.000
     -30775.000,    -157680.000,  164,  236,    0,   -1,    0,   -1,    0,   -2,    10.000
     -30765.000,    -157680.000,  165,  236,    0,   -1,    0,   -1,    0,   -2,    10.000
     -30755.000,    -157680.000,  166,  236,    0,   -1,    0,   -1,    0,   -2,    10.000
     -30745.000,    -157680.000,  167,  236,    0,   -1,    0,   -1,    0,   -2,    10.000
     -30525.000,    -157680.000,  189,  236,    0,   -1,    0,   -1,    0,   -2,    10.000
     -32245.000,    -157670.000,   17,  237,    0,   -1,    0,   -1,    0,   -2,    10.000
     -32235.000,    -157670.000,   18,  237,    0,   -1,    0,   -1,    0,   -2,    10.000
     -32225.000,    -157670.000,   19,  237,    0,   -1,    0,   -1,    0,   -2,    10.000
     -30835.000,    -157670.000,  158,  237,    0,   -1,    0,   -1,    0,   -2,    10.000
     -30825.000,    -157670.000,  159,  237,    0,   -1,    0,   -1,    0,   -2,    10.000
     -30815.000,    -157670.000,  160,  237,    0,   -1,    0,   -1,    0,   -2,    10.000
     -30805.000,    -157670.000,  161,  237,    0,   -1,    0,   -1,    0,   -2,    10.000
     -30735.000,    -157670.000,  168,  237,    0,   -1,    0,   -1,    0,   -2,    10.000
     -30725.000,    -157670.000,  169,  237,    0,   -1,    0,   -1,    0,   -2,    10.000
     -30535.000,    -157670.000,  188,  237,    0,   -1,    0,   -1,    0,   -2,    10.000
     -32215.000,    -157660.000,   20,  238,    0,   -1,    0,   -1,    0,   -2,    10.000
     -32205.000,    -157660.000,   21,  238,    0,   -1,    0,   -1,    0,   -2,    10.000
     -32195.000,    -157660.000,   22,  238,    0,   -1,    0,   -1,    0,   -2,    10.000
     -30875.000,    -157660.000,  154,  238,    0,   -1,    0,   -1,    0,   -2,    10.000
     -30865.000,    -157660.000,  155,  238,    0,   -1,    0,   -1,    0,   -2,    10.000
     -30855.000,    -157660.000,  156,  238,    0,   -1,    0,   -1,    0,   -2,    10.000
     -30845.000,    -157660.000,  157,  238,    0,   -1,    0,   -1,    0,   -2,    10.000
     -30715.000,    -157660.000,  170,  238,    0,   -1,    0,   -1,    0,   -2,    10.000
     -30705.000,    -157660.000,  171,  238,    0,   -1,    0,   -1,    0,   -2,    10.000
     -30695.000,    -157660.000,  172,  238,    0,   -1,    0,   -1,    0,   -2,    10.000
     -30685.000,    -157660.000,  173,  238,    0,   -1,    0,   -1,    0,   -2,    10.000
     -30645.000,    -157660.000,  177,  238,    0,   -1,    0,   -1,    0,   -2,    10.000
     -30635.000,    -157660.000,  178,  238,    0,   -1,    0,   -1,    0,   -2,    10.000
     -30565.000,    -157660.000,  185,  238,    0,   -1,    0,   -1,    0,   -2,    10.000
     -30555.000,    -157660.000,  186,  238,    0,   -1,    0,   -1,    0,   -2,    10.000
     -30545.000,    -157660.000,  187,  238,    0,   -1,    0,   -1,    0,   -2,    10.000
     -32185.000,    -157650.000,   23,  239,    0,   -1,    0,   -1,    0,   -2,    10.000
     -30885.000,    -157650.000,  153,  239,    0,   -1,    0,   -1,    0,   -2,    10.000
     -30675.000,    -157650.000,  174,  239,    0,   -1,    0,   -1,    0,   -2,    10.000
     -30665.000,    -157650.000,  175,  239,    0,   -1,    0,   -1,    0,   -2,    10.000
     -30655.000,    -157650.000,  176,  239,    0,   -1,    0,   -1,    0,   -2,    10.000
     -30625.000,    -157650.000,  179,  239,    0,   -1,    0,   -1,    0,   -2,    10.000
     -30615.000,    -157650.000,  180,  239,    0,   -1,    0,   -1,    0,   -2,    10.000
     -30585.000,    -157650.000,  183,  239,    0,   -1,    0,   -1,    0,   -2,    10.000
     -30575.000,    -157650.000,  184,  239,    0,   -1,    0,   -1,    0,   -2,    10.000
     -30935.000,    -157640.000,  148,  240,    0,   -1,    0,   -1,    0,   -2,    10.000
     -30925.000,    -157640.000,  149,  240,    0,   -1,    0,   -1,    0,   -2,    10.000
     -30915.000,    -157640.000,  150,  240,    0,   -1,    0,   -1,    0,   -2,    10.000
     -30905.000,    -157640.000,  151,  240,    0,   -1,    0,   -1,    0,   -2,    10.000
     -30895.000,    -157640.000,  152,  240,    0,   -1,    0,   -1,    0,   -2,    10.000
     -30605.000,    -157640.000,  181,  240,    0,   -1,    0,   -1,    0,   -2,    10.000
     -30595.000,    -157640.000,  182,  240,    0,   -1,    0,   -1,    0,   -2,    10.000
     -32175.000,    -157630.000,   24,  241,    0,   -1,    0,   -1,    0,   -2,    10.000
     -30945.000,    -157630.000,  147,  241,    0,   -1,    0,   -1,    0,   -2,    10.000
     -32165.000,    -157620.000,   25,  242,    0,   -1,    0,   -1,    0,   -2,    10.000
     -32155.000,    -157620.000,   26,  242,    0,   -1,    0,   -1,    0,   -2,    10.000
     -31045.000,    -157620.000,  137,  242,    0,   -1,    0,   -1,    0,   -2,    10.000
     -30955.000,    -157620.000,  146,  242,    0,   -1,    0,   -1,    0,   -2,    10.000
     -32145.000,    -157610.000,   27,  243,    0,   -1,    0,   -1,    0,   -2,    10.000
     -32135.000,    -157610.000,   28,  243,    0,   -1,    0,   -1,    0,   -2,    10.000
     -31065.000,    -157610.000,  135,  243,    0,   -1,    0,   -1,    0,   -2,    10.000
     -31055.000,    -157610.000,  136,  243,    0,   -1,    0,   -1,    0,   -2,    10.000
     -31035.000,    -157610.000,  138,  243,    0,   -1,    0,   -1,    0,   -2,    10.000
     -31025.000,    -157610.000,  139,  243,    0,   -1,    0,   -1,    0,   -2,    10.000
     -31015.000,    -157610.000,  140,  243,    0,   -1,    0,   -1,    0,   -2,    10.000
     -30975.000,    -157610.000,  144,  243,    0,   -1,    0,   -1,    0,   -2,    10.000
     -30965.000,    -157610.000,  145,  243,    0,   -1,    0,   -1,    0,   -2,    10.000
     -32125.000,    -157600.000,   29,  244,    0,   -1,    0,   -1,    0,   -2,    10.000
     -31005.000,    -157600.000,  141,  244,    0,   -1,    0,   -1,    0,   -2,    10.000
     -30995.000,    -157600.000,  142,  244,    0,   -1,    0,   -1,    0,   -2,    10.000
     -30985.000,    -157600.000,  143,  244,    0,   -1,    0,   -1,    0,   -2,    10.000
     -31075.000,    -157590.000,  134,  245,    0,   -1,    0,   -1,    0,   -2,    10.000
     -31085.000,    -157580.000,  133,  246,    0,   -1,    0,   -1,    0,   -2,    10.000
     -32115.000,    -157570.000,   30,  247,    0,   -1,    0,   -1,    0,   -2,    10.000
     -31105.000,    -157570.000,  131,  247,    0,   -1,    0,   -1,    0,   -2,    10.000
     -31095.000,    -157570.000,  132,  247,    0,   -1,    0,   -1,    0,   -2,    10.000
     -31115.000,    -157560.000,  130,  248,    0,   -1,    0,   -1,    0,   -2,    10.000
     -31125.000,    -157550.000,  129,  249,    0,   -1,    0,   -1,    0,   -2,    10.000
     -31155.000,    -157540.000,  126,  250,    0,   -1,    0,   -1,    0,   -2,    10.000
     -31145.000,    -157540.000,  127,  250,    0,   -1,    0,   -1,    0,   -2,    10.000
     -31135.000,    -157540.000,  128,  250,    0,   -1,    0,   -1,    0,   -2,    10.000
     -31165.000,    -157530.000,  125,  251,    0,   -1,    0,   -1,    0,   -2,    10.000
     -31175.000,    -157520.000,  124,  252,    0,   -1,    0,   -1,    0,   -2,    10.000
     -31185.000,    -157510.000,  123,  253,    0,   -1,    0,   -1,    0,   -2,    10.000
     -32125.000,    -157500.000,   29,  254,    0,   -1,    0,   -1,    0,   -2,    10.000
     -31825.000,    -157500.000,   59,  254,    0,   -1,    0,   -1,    0,   -2,    10.000
     -31815.000,    -157500.000,   60,  254,    0,   -1,    0,   -1,    0,   -2,    10.000
     -31805.000,    -157500.000,   61,  254,    0,   -1,    0,   -1,    0,   -2,    10.000
     -31795.000,    -157500.000,   62,  254,    0,   -1,    0,   -1,    0,   -2,    10.000
     -31725.000,    -157500.000,   69,  254,    0,   -1,    0,   -1,    0,   -2,    10.000
     -31715.000,    -157500.000,   70,  254,    0,   -1,    0,   -1,    0,   -2,    10.000
     -31705.000,    -157500.000,   71,  254,    0,   -1,    0,   -1,    0,   -2,    10.000
     -31195.000,    -157500.000,  122,  254,    0,   -1,    0,   -1,    0,   -2,    10.000
     -32115.000,    -157490.000,   30,  255,    0,   -1,    0,   -1,    0,   -2,    10.000
     -31905.000,    -157490.000,   51,  255,    0,   -1,    0,   -1,    0,   -2,    10.000
     -31895.000,    -157490.000,   52,  255,    0,   -1,    0,   -1,    0,   -2,    10.000
     -31885.000,    -157490.000,   53,  255,    0,   -1,    0,   -1,    0,   -2,    10.000
     -31875.000,    -157490.000,   54,  255,    0,   -1,    0,   -1,    0,   -2,    10.000
     -31865.000,    -157490.000,   55,  255,    0,   -1,    0,   -1,    0,   -2,    10.000
     -31855.000,    -157490.000,   56,  255,    0,   -1,    0,   -1,    0,   -2,    10.000
     -31845.000,    -157490.000,   57,  255,    0,   -1,    0,   -1,    0,   -2,    10.000
     -31835.000,    -157490.000,   58,  255,    0,   -1,    0,   -1,    0,   -2,    10.000
     -31785.000,    -157490.000,   63,  255,    0,   -1,    0,   -1,    0,   -2,    10.000
     -31775.000,    -157490.000,   64,  255,    0,   -1,    0,   -1,    0,   -2,    10.000
     -31765.000,    -157490.000,   65,  255,    0,   -1,    0,   -1,    0,   -2,    10.000
     -31755.000,    -157490.000,   66,  255,    0,   -1,    0,   -1,    0,   -2,    10.000
     -31745.000,    -157490.000,   67,  255,    0,   -1,    0,   -1,    0,   -2,    10.000
     -31735.000,    -157490.000,   68,  255,    0,   -1,    0,   -1,    0,   -2,    10.000
     -31695.000,    -157490.000,   72,  255,    0,   -1,    0,   -1,    0,   -2,    10.000
     -31205.000,    -157490.000,  121,  255,    0,   -1,    0,   -1,    0,   -2,    10.000
     -32105.000,    -157480.000,   31,  256,    0,   -1,    0,   -1,    0,   -2,    10.000
     -32095.000,    -157480.000,   32,  256,    0,   -1,    0,   -1,    0,   -2,    10.000
     -32085.000,    -157480.000,   33,  256,    0,   -1,    0,   -1,    0,   -2,    10.000
     -32055.000,    -157480.000,   36,  256,    0,   -1,    0,   -1,    0,   -2,    10.000
     -32045.000,    -157480.000,   37,  256,    0,   -1,    0,   -1,    0,   -2,    10.000
     -32035.000,    -157480.000,   38,  256,    0,   -1,    0,   -1,    0,   -2,    10.000
     -32025.000,    -157480.000,   39,  256,    0,   -1,    0,   -1,    0,   -2,    10.000
     -32015.000,    -157480.000,   40,  256,    0,   -1,    0,   -1,    0,   -2,    10.000
     -32005.000,    -157480.000,   41,  256,    0,   -1,    0,   -1,    0,   -2,    10.000
     -31995.000,    -157480.000,   42,  256,    0,   -1,    0,   -1,    0,   -2,    10.000
     -31985.000,    -157480.000,   43,  256,    0,   -1,    0,   -1,    0,   -2,    10.000
     -31975.000,    -157480.000,   44,  256,    0,   -1,    0,   -1,    0,   -2,    10.000
     -31955.000,    -157480.000,   46,  256,    0,   -1,    0,   -1,    0,   -2,    10.000
     -31945.000,    -157480.000,   47,  256,    0,   -1,    0,   -1,    0,   -2,    10.000
     -31935.000,    -157480.000,   48,  256,    0,   -1,    0,   -1,    0,   -2,    10.000
     -31925.000,    -157480.000,   49,  256,    0,   -1,    0,   -1,    0,   -2,    10.000
     -31915.000,    -157480.000,   50,  256,    0,   -1,    0,   -1,    0,   -2,    10.000
     -31685.000,    -157480.000,   73,  256,    0,   -1,    0,   -1,    0,   -2,    10.000
     -31675.000,    -157480.000,   74,  256,    0,   -1,    0,   -1,    0,   -2,    10.000
     -31665.000,    -157480.000,   75,  256,    0,   -1,    0,   -1,    0,   -2,    10.000
     -31655.000,    -157480.000,   76,  256,    0,   -1,    0,   -1,    0,   -2,    10.000
     -31505.000,    -157480.000,   91,  256,    0,   -1,    0,   -1,    0,   -2,    10.000
     -31455.000,    -157480.000,   96,  256,    0,   -1,    0,   -1,    0,   -2,    10.000
     -31415.000,    -157480.000,  100,  256,    0,   -1,    0,   -1,    0,   -2,    10.000
     -31405.000,    -157480.000,  101,  256,    0,   -1,    0,   -1,    0,   -2,    10.000
     -31365.000,    -157480.000,  105,  256,    0,   -1,    0,   -1,    0,   -2,    10.000
     -31355.000,    -157480.000,  106,  256,    0,   -1,    0,   -1,    0,   -2,    10.000
     -31345.000,    -157480.000,  107,  256,    0,   -1,    0,   -1,    0,   -2,    10.000
     -31335.000,    -157480.000,  108,  256,    0,   -1,    0,   -1,    0,   -2,    10.000
     -31265.000,    -157480.000,  115,  256,    0,   -1,    0,   -1,    0,   -2,    10.000
     -31255.000,    -157480.000,  116,  256,    0,   -1,    0,   -1,    0,   -2,    10.000
     -31245.000,    -157480.000,  117,  256,    0,   -1,    0,   -1,    0,   -2,    10.000
     -31235.000,    -157480.000,  118,  256,    0,   -1,    0,   -1,    0,   -2,    10.000
     -31225.000,    -157480.000,  119,  256,    0,   -1,    0,   -1,    0,   -2,    10.000
     -31215.000,    -157480.000,  120,  256,    0,   -1,    0,   -1,    0,   -2,    10.000
     -32075.000,    -157470.000,   34,  257,    0,   -1,    0,   -1,    0,   -2,    10.000
     -32065.000,    -157470.000,   35,  257,    0,   -1,    0,   -1,    0,   -2,    10.000
     -31965.000,    -157470.000,   45,  257,    0,   -1,    0,   -1,    0,   -2,    10.000
     -31645.000,    -157470.000,   77,  257,    0,   -1,    0,   -1,    0,   -2,    10.000
     -31635.000,    -157470.000,   78,  257,    0,   -1,    0,   -1,    0,   -2,    10.000
     -31515.000,    -157470.000,   90,  257,    0,   -1,    0,   -1,    0,   -2,    10.000
     -31495.000,    -157470.000,   92,  257,    0,   -1,    0,   -1,    0,   -2,    10.000
     -31485.000,    -157470.000,   93,  257,    0,   -1,    0,   -1,    0,   -2,    10.000
     -31465.000,    -157470.000,   95,  257,    0,   -1,    0,   -1,    0,   -2,    10.000
     -31445.000,    -157470.000,   97,  257,    0,   -1,    0,   -1,    0,   -2,    10.000
     -31435.000,    -157470.000,   98,  257,    0,   -1,    0,   -1,    0,   -2,    10.000
     -31425.000,    -157470.000,   99,  257,    0,   -1,    0,   -1,    0,   -2,    10.000
     -31395.000,    -157470.000,  102,  257,    0,   -1,    0,   -1,    0,   -2,    10.000
     -31385.000,    -157470.000,  103,  257,    0,   -1,    0,   -1,    0,   -2,    10.000
     -31375.000,    -157470.000,  104,  257,    0,   -1,    0,   -1,    0,   -2,    10.000
     -31325.000,    -157470.000,  109,  257,    0,   -1,    0,   -1,    0,   -2,    10.000
     -31295.000,    -157470.000,  112,  257,    0,   -1,    0,   -1,    0,   -2,    10.000
     -31285.000,    -157470.000,  113,  257,    0,   -1,    0,   -1,    0,   -2,    10.000
     -31275.000,    -157470.000,  114,  257,    0,   -1,    0,   -1,    0,   -2,    10.000
     -31625.000,    -157460.000,   79,  258,    0,   -1,    0,   -1,    0,   -2,    10.000
     -31615.000,    -157460.000,   80,  258,    0,   -1,    0,   -1,    0,   -2,    10.000
     -31605.000,    -157460.000,   81,  258,    0,   -1,    0,   -1,    0,   -2,    10.000
     -31595.000,    -157460.000,   82,  258,    0,   -1,    0,   -1,    0,   -2,    10.000
     -31525.000,    -157460.000,   89,  258,    0,   -1,    0,   -1,    0,   -2,    10.000
     -31475.000,    -157460.000,   94,  258,    0,   -1,    0,   -1,    0,   -2,    10.000
     -31315.000,    -157460.000,  110,  258,    0,   -1,    0,   -1,    0,   -2,    10.000
     -31305.000,    -157460.000,  111,  258,    0,   -1,    0,   -1,    0,   -2,    10.000
     -31585.000,    -157450.000,   83,  259,    0,   -1,    0,   -1,    0,   -2,    10.000
     -31575.000,    -157450.000,   84,  259,    0,   -1,    0,   -1,    0,   -2,    10.000
     -31535.000,    -157450.000,   88,  259,    0,   -1,    0,   -1,    0,   -2,    10.000
     -31565.000,    -157440.000,   85,  260,    0,   -1,    0,   -1,    0,   -2,    10.000
     -31555.000,    -157440.000,   86,  260,    0,   -1,    0,   -1,    0,   -2,    10.000
     -31545.000,    -157440.000,   87,  260,    0,   -1,    0,   -1,    0,   -2,    10.000
