 x(s(i)),y(s(i)),s(i),i
   -18105.00000,    43365.00000,    1,    1
   -20265.00000,    43455.00000,    4,    2
   -18045.00000,    43485.00000,   11,    3
   -20865.00000,    43545.00000,   14,    4
   -18945.00000,    43545.00000,   16,    5
   -18585.00000,    43575.00000,   22,    6
   -17955.00000,    43575.00000,   24,    7
   -17565.00000,    43575.00000,   25,    8
   -20025.00000,    43605.00000,   28,    9
   -21015.00000,    43635.00000,   34,   10
   -20865.00000,    43635.00000,   36,   11
   -20175.00000,    43635.00000,   38,   12
   -18525.00000,    43635.00000,   42,   13
   -17715.00000,    43635.00000,   46,   14
   -19875.00000,    43665.00000,   53,   15
   -18135.00000,    43665.00000,   60,   16
   -17835.00000,    43665.00000,   62,   17
   -17445.00000,    43665.00000,   65,   18
   -18915.00000,    43695.00000,   74,   19
   -18795.00000,    43695.00000,   75,   20
   -21075.00000,    43725.00000,   84,   21
   -20415.00000,    43755.00000,  109,   22
   -17385.00000,    43755.00000,  146,   23
   -21195.00000,    43785.00000,  147,   24
   -20715.00000,    43785.00000,  150,   25
   -20115.00000,    43785.00000,  152,   26
   -19935.00000,    43785.00000,  154,   27
   -17385.00000,    43785.00000,  171,   28
   -20565.00000,    43815.00000,  180,   29
   -17925.00000,    43815.00000,  196,   30
   -19785.00000,    43875.00000,  234,   31
   -18165.00000,    43875.00000,  244,   32
   -17505.00000,    43875.00000,  248,   33
   -19245.00000,    43905.00000,  259,   34
   -19065.00000,    43935.00000,  280,   35
   -21195.00000,    43965.00000,  291,   36
   -20865.00000,    43965.00000,  296,   37
   -18285.00000,    43965.00000,  307,   38
   -20685.00000,    43995.00000,  322,   39
   -17565.00000,    43995.00000,  346,   40
   -20415.00000,    44025.00000,  350,   41
   -19575.00000,    44025.00000,  355,   42
   -18555.00000,    44025.00000,  364,   43
   -21165.00000,    44055.00000,  375,   44
   -18645.00000,    44055.00000,  393,   45
   -18045.00000,    44055.00000,  400,   46
   -17865.00000,    44055.00000,  401,   47
   -17445.00000,    44055.00000,  404,   48
   -19275.00000,    44085.00000,  413,   49
   -19155.00000,    44085.00000,  414,   50
   -18975.00000,    44085.00000,  415,   51
   -20595.00000,    44115.00000,  428,   52
   -19725.00000,    44115.00000,  436,   53
   -20385.00000,    44145.00000,  449,   54
   -20205.00000,    44145.00000,  451,   55
   -21135.00000,    44175.00000,  465,   56
   -17925.00000,    44175.00000,  484,   57
   -18705.00000,    44205.00000,  507,   58
   -18495.00000,    44205.00000,  508,   59
   -20985.00000,    44235.00000,  515,   60
   -19935.00000,    44265.00000,  543,   61
   -20625.00000,    44295.00000,  563,   62
   -20475.00000,    44325.00000,  586,   63
   -19275.00000,    44325.00000,  592,   64
   -19065.00000,    44325.00000,  594,   65
   -18495.00000,    44325.00000,  597,   66
   -17445.00000,    44325.00000,  604,   67
   -20175.00000,    44355.00000,  616,   68
   -18315.00000,    44355.00000,  626,   69
   -17595.00000,    44355.00000,  630,   70
   -18675.00000,    44385.00000,  649,   71
   -20865.00000,    44415.00000,  661,   72
   -21195.00000,    44445.00000,  673,   73
   -21075.00000,    44445.00000,  674,   74
   -20445.00000,    44445.00000,  676,   75
   -19095.00000,    44445.00000,  686,   76
   -19665.00000,    44475.00000,  705,   77
   -19365.00000,    44475.00000,  707,   78
   -18855.00000,    44475.00000,  712,   79
   -17745.00000,    44475.00000,  724,   80
   -18735.00000,    44505.00000,  736,   81
   -19815.00000,    44535.00000,  752,   82
   -19485.00000,    44535.00000,  753,   83
   -19275.00000,    44535.00000,  754,   84
   -19005.00000,    44535.00000,  757,   85
   -18285.00000,    44535.00000,  760,   86
   -20715.00000,    44565.00000,  764,   87
   -17655.00000,    44565.00000,  777,   88
   -19005.00000,    44595.00000,  786,   89
   -18585.00000,    44595.00000,  787,   90
   -20175.00000,    44625.00000,  796,   91
   -17535.00000,    44625.00000,  810,   92
   -21195.00000,    44655.00000,  811,   93
   -20925.00000,    44655.00000,  812,   94
   -20595.00000,    44655.00000,  813,   95
   -20025.00000,    44655.00000,  816,   96
   -19935.00000,    44655.00000,  817,   97
   -19725.00000,    44655.00000,  820,   98
   -18135.00000,    44655.00000,  823,   99
   -17985.00000,    44655.00000,  824,  100
   -20775.00000,    44685.00000,  843,  101
   -19515.00000,    44685.00000,  846,  102
   -18705.00000,    44685.00000,  847,  103
   -17835.00000,    44685.00000,  851,  104
   -21315.00000,    44715.00000,  854,  105
   -19245.00000,    44715.00000,  868,  106
   -18915.00000,    44715.00000,  869,  107
   -18495.00000,    44715.00000,  874,  108
   -18255.00000,    44715.00000,  877,  109
   -18375.00000,    44745.00000,  889,  110
   -20235.00000,    44775.00000,  897,  111
   -19095.00000,    44775.00000,  901,  112
   -20925.00000,    44805.00000,  906,  113
   -19815.00000,    44805.00000,  915,  114
   -18075.00000,    44805.00000,  928,  115
   -21195.00000,    44835.00000,  934,  116
   -20085.00000,    44835.00000,  940,  117
   -19965.00000,    44835.00000,  941,  118
   -19365.00000,    44865.00000,  963,  119
   -18675.00000,    44865.00000,  968,  120
   -21315.00000,    44895.00000,  973,  121
   -19575.00000,    44895.00000,  989,  122
   -19185.00000,    44895.00000,  991,  123
   -18345.00000,    44895.00000,  995,  124
   -20415.00000,    44925.00000, 1006,  125
   -19725.00000,    44925.00000, 1012,  126
   -17565.00000,    44925.00000, 1028,  127
   -20955.00000,    44955.00000, 1034,  128
   -18465.00000,    44955.00000, 1049,  129
   -17625.00000,    44955.00000, 1060,  130
   -21345.00000,    44985.00000, 1061,  131
   -19215.00000,    44985.00000, 1073,  132
   -18855.00000,    44985.00000, 1077,  133
   -18555.00000,    44985.00000, 1078,  134
   -19035.00000,    45015.00000, 1098,  135
   -19275.00000,    45075.00000, 1139,  136
   -18735.00000,    45075.00000, 1140,  137
   -21195.00000,    45105.00000, 1148,  138
   -18645.00000,    45105.00000, 1171,  139
   -18225.00000,    45105.00000, 1174,  140
   -21375.00000,    45135.00000, 1180,  141
   -18345.00000,    45135.00000, 1207,  142
   -17925.00000,    45135.00000, 1210,  143
   -19065.00000,    45165.00000, 1232,  144
   -18135.00000,    45165.00000, 1238,  145
   -20775.00000,    45195.00000, 1248,  146
   -20655.00000,    45195.00000, 1249,  147
   -20925.00000,    45225.00000, 1263,  148
   -19065.00000,    45225.00000, 1274,  149
   -18495.00000,    45225.00000, 1278,  150
   -17655.00000,    45225.00000, 1282,  151
   -21855.00000,    45255.00000, 1283,  152
   -21105.00000,    45255.00000, 1285,  153
   -17775.00000,    45255.00000, 1302,  154
   -21675.00000,    45285.00000, 1304,  155
   -21435.00000,    45285.00000, 1305,  156
   -20175.00000,    45285.00000, 1311,  157
   -19125.00000,    45285.00000, 1316,  158
   -18525.00000,    45285.00000, 1320,  159
   -18165.00000,    45285.00000, 1321,  160
   -16485.00000,    45285.00000, 1325,  161
   -21915.00000,    45315.00000, 1326,  162
   -21435.00000,    45315.00000, 1329,  163
   -19365.00000,    45315.00000, 1341,  164
   -21585.00000,    45345.00000, 1351,  165
   -19905.00000,    45345.00000, 1358,  166
   -19545.00000,    45345.00000, 1359,  167
   -18645.00000,    45345.00000, 1362,  168
   -18075.00000,    45345.00000, 1363,  169
   -16335.00000,    45345.00000, 1367,  170
   -22035.00000,    45375.00000, 1368,  171
   -20775.00000,    45375.00000, 1379,  172
   -19245.00000,    45375.00000, 1387,  173
   -18345.00000,    45375.00000, 1395,  174
   -17895.00000,    45375.00000, 1397,  175
   -20865.00000,    45405.00000, 1404,  176
   -20985.00000,    45435.00000, 1423,  177
   -18255.00000,    45435.00000, 1435,  178
   -17925.00000,    45435.00000, 1436,  179
   -22185.00000,    45465.00000, 1439,  180
   -22155.00000,    45465.00000, 1440,  181
   -19725.00000,    45465.00000, 1466,  182
   -16215.00000,    45465.00000, 1483,  183
   -21495.00000,    45495.00000, 1493,  184
   -21165.00000,    45495.00000, 1494,  185
   -20715.00000,    45495.00000, 1499,  186
   -19125.00000,    45495.00000, 1511,  187
   -17685.00000,    45495.00000, 1516,  188
   -16125.00000,    45495.00000, 1521,  189
   -17715.00000,    45525.00000, 1544,  190
   -16635.00000,    45525.00000, 1555,  191
   -21375.00000,    45555.00000, 1566,  192
   -21315.00000,    45555.00000, 1567,  193
   -16065.00000,    45555.00000, 1587,  194
   -20925.00000,    45585.00000, 1596,  195
   -19785.00000,    45585.00000, 1604,  196
   -20655.00000,    45615.00000, 1625,  197
   -19575.00000,    45615.00000, 1632,  198
   -17985.00000,    45615.00000, 1637,  199
   -17925.00000,    45615.00000, 1638,  200
   -15975.00000,    45615.00000, 1646,  201
   -22095.00000,    45645.00000, 1647,  202
   -20115.00000,    45645.00000, 1662,  203
   -19935.00000,    45645.00000, 1663,  204
   -18255.00000,    45645.00000, 1669,  205
   -18075.00000,    45645.00000, 1670,  206
   -17595.00000,    45645.00000, 1673,  207
   -21795.00000,    45675.00000, 1682,  208
   -19005.00000,    45675.00000, 1704,  209
   -18465.00000,    45675.00000, 1706,  210
   -18225.00000,    45675.00000, 1710,  211
   -20865.00000,    45705.00000, 1732,  212
   -20265.00000,    45705.00000, 1734,  213
   -17775.00000,    45705.00000, 1745,  214
   -17025.00000,    45705.00000, 1747,  215
   -16875.00000,    45705.00000, 1748,  216
   -18585.00000,    45735.00000, 1771,  217
   -16605.00000,    45735.00000, 1779,  218
   -15885.00000,    45735.00000, 1784,  219
   -21825.00000,    45765.00000, 1785,  220
   -20685.00000,    45765.00000, 1790,  221
   -17325.00000,    45765.00000, 1818,  222
   -16335.00000,    45765.00000, 1820,  223
   -22065.00000,    45795.00000, 1823,  224
   -21375.00000,    45795.00000, 1828,  225
   -21165.00000,    45795.00000, 1829,  226
   -19995.00000,    45795.00000, 1846,  227
   -19815.00000,    45795.00000, 1847,  228
   -17745.00000,    45795.00000, 1874,  229
   -17535.00000,    45795.00000, 1875,  230
   -17175.00000,    45795.00000, 1879,  231
   -21645.00000,    45825.00000, 1887,  232
   -16815.00000,    45825.00000, 1921,  233
   -16125.00000,    45825.00000, 1923,  234
   -20895.00000,    45855.00000, 1934,  235
   -19035.00000,    45855.00000, 1946,  236
   -17655.00000,    45855.00000, 1955,  237
   -16335.00000,    45855.00000, 1960,  238
   -15795.00000,    45855.00000, 1963,  239
   -21585.00000,    45885.00000, 1965,  240
   -19995.00000,    45885.00000, 1979,  241
   -18015.00000,    45885.00000, 1990,  242
   -17475.00000,    45885.00000, 1993,  243
   -16965.00000,    45885.00000, 1996,  244
   -21375.00000,    45915.00000, 2009,  245
   -16185.00000,    45915.00000, 2040,  246
   -22125.00000,    45945.00000, 2042,  247
   -21165.00000,    45945.00000, 2045,  248
   -20685.00000,    45945.00000, 2047,  249
   -18075.00000,    45945.00000, 2065,  250
   -16755.00000,    45945.00000, 2072,  251
   -21765.00000,    45975.00000, 2078,  252
   -20355.00000,    45975.00000, 2086,  253
   -20025.00000,    45975.00000, 2089,  254
   -18795.00000,    45975.00000, 2096,  255
   -16005.00000,    45975.00000, 2107,  256
   -21195.00000,    46005.00000, 2112,  257
   -18525.00000,    46005.00000, 2127,  258
   -21465.00000,    46035.00000, 2142,  259
   -20475.00000,    46035.00000, 2149,  260
   -20205.00000,    46035.00000, 2150,  261
   -16905.00000,    46035.00000, 2164,  262
   -16275.00000,    46035.00000, 2166,  263
   -15885.00000,    46035.00000, 2169,  264
   -22275.00000,    46065.00000, 2170,  265
   -22155.00000,    46065.00000, 2171,  266
   -21615.00000,    46065.00000, 2175,  267
   -19845.00000,    46065.00000, 2187,  268
   -18645.00000,    46065.00000, 2194,  269
   -17535.00000,    46065.00000, 2199,  270
   -21165.00000,    46095.00000, 2212,  271
   -20025.00000,    46095.00000, 2216,  272
   -19395.00000,    46095.00000, 2221,  273
   -17385.00000,    46095.00000, 2234,  274
   -17025.00000,    46095.00000, 2237,  275
   -16575.00000,    46095.00000, 2238,  276
   -15915.00000,    46095.00000, 2242,  277
   -15765.00000,    46095.00000, 2243,  278
   -21345.00000,    46125.00000, 2250,  279
   -21075.00000,    46125.00000, 2251,  280
   -20235.00000,    46125.00000, 2257,  281
   -19815.00000,    46125.00000, 2258,  282
   -17715.00000,    46125.00000, 2269,  283
   -16665.00000,    46125.00000, 2279,  284
   -22275.00000,    46155.00000, 2286,  285
   -21585.00000,    46155.00000, 2292,  286
   -20895.00000,    46155.00000, 2299,  287
   -19185.00000,    46155.00000, 2304,  288
   -19035.00000,    46155.00000, 2305,  289
   -19485.00000,    46185.00000, 2353,  290
   -18195.00000,    46185.00000, 2358,  291
   -17565.00000,    46185.00000, 2362,  292
   -16755.00000,    46185.00000, 2366,  293
   -21945.00000,    46215.00000, 2376,  294
   -21315.00000,    46215.00000, 2379,  295
   -17775.00000,    46215.00000, 2392,  296
   -15615.00000,    46215.00000, 2408,  297
   -20505.00000,    46245.00000, 2418,  298
   -19335.00000,    46245.00000, 2424,  299
   -17865.00000,    46245.00000, 2433,  300
   -16905.00000,    46245.00000, 2437,  301
   -22365.00000,    46275.00000, 2445,  302
   -21495.00000,    46275.00000, 2451,  303
   -19905.00000,    46275.00000, 2463,  304
   -15885.00000,    46275.00000, 2480,  305
   -15525.00000,    46275.00000, 2483,  306
   -21225.00000,    46305.00000, 2488,  307
   -21045.00000,    46305.00000, 2489,  308
   -19695.00000,    46305.00000, 2503,  309
   -16995.00000,    46305.00000, 2515,  310
   -20865.00000,    46335.00000, 2532,  311
   -20055.00000,    46335.00000, 2537,  312
   -17985.00000,    46335.00000, 2554,  313
   -17625.00000,    46335.00000, 2556,  314
   -17505.00000,    46335.00000, 2557,  315
   -17265.00000,    46335.00000, 2558,  316
   -16155.00000,    46335.00000, 2564,  317
   -15945.00000,    46335.00000, 2565,  318
   -15435.00000,    46335.00000, 2571,  319
   -22485.00000,    46365.00000, 2572,  320
   -22395.00000,    46365.00000, 2573,  321
   -21705.00000,    46365.00000, 2578,  322
   -20565.00000,    46365.00000, 2583,  323
   -20175.00000,    46365.00000, 2585,  324
   -19155.00000,    46365.00000, 2588,  325
   -16575.00000,    46365.00000, 2597,  326
   -21525.00000,    46395.00000, 2615,  327
   -19605.00000,    46395.00000, 2630,  328
   -18105.00000,    46395.00000, 2636,  329
   -21075.00000,    46425.00000, 2667,  330
   -19245.00000,    46425.00000, 2679,  331
   -17775.00000,    46425.00000, 2687,  332
   -17355.00000,    46425.00000, 2688,  333
   -19965.00000,    46455.00000, 2718,  334
   -21285.00000,    46485.00000, 2754,  335
   -20445.00000,    46485.00000, 2760,  336
   -18285.00000,    46485.00000, 2785,  337
   -16695.00000,    46485.00000, 2792,  338
   -16485.00000,    46485.00000, 2793,  339
   -20625.00000,    46515.00000, 2814,  340
   -18045.00000,    46515.00000, 2831,  341
   -17325.00000,    46515.00000, 2832,  342
   -16005.00000,    46515.00000, 2844,  343
   -20145.00000,    46545.00000, 2860,  344
   -18795.00000,    46545.00000, 2866,  345
   -17595.00000,    46545.00000, 2871,  346
   -17505.00000,    46545.00000, 2872,  347
   -22695.00000,    46575.00000, 2885,  348
   -22305.00000,    46575.00000, 2887,  349
   -21585.00000,    46575.00000, 2894,  350
   -20235.00000,    46575.00000, 2902,  351
   -18885.00000,    46575.00000, 2909,  352
   -18615.00000,    46575.00000, 2910,  353
   -17925.00000,    46575.00000, 2912,  354
   -17805.00000,    46575.00000, 2913,  355
   -17145.00000,    46575.00000, 2916,  356
   -22845.00000,    46605.00000, 2927,  357
   -22785.00000,    46605.00000, 2928,  358
   -19785.00000,    46605.00000, 2941,  359
   -17625.00000,    46605.00000, 2950,  360
   -16965.00000,    46605.00000, 2953,  361
   -16725.00000,    46605.00000, 2956,  362
   -16515.00000,    46605.00000, 2957,  363
   -20745.00000,    46635.00000, 2979,  364
   -20505.00000,    46635.00000, 2982,  365
   -20325.00000,    46635.00000, 2983,  366
   -19035.00000,    46635.00000, 2991,  367
   -23025.00000,    46665.00000, 3007,  368
   -21195.00000,    46665.00000, 3014,  369
   -19875.00000,    46665.00000, 3020,  370
   -17115.00000,    46665.00000, 3029,  371
   -16695.00000,    46665.00000, 3033,  372
   -15885.00000,    46665.00000, 3039,  373
   -22335.00000,    46695.00000, 3047,  374
   -21825.00000,    46695.00000, 3050,  375
   -20565.00000,    46695.00000, 3055,  376
   -19965.00000,    46695.00000, 3056,  377
   -19395.00000,    46695.00000, 3060,  378
   -19185.00000,    46695.00000, 3061,  379
   -18555.00000,    46695.00000, 3062,  380
   -17685.00000,    46695.00000, 3067,  381
   -17445.00000,    46695.00000, 3070,  382
   -17385.00000,    46695.00000, 3071,  383
   -15735.00000,    46695.00000, 3081,  384
   -23325.00000,    46725.00000, 3085,  385
   -23145.00000,    46725.00000, 3086,  386
   -18105.00000,    46725.00000, 3103,  387
   -16185.00000,    46725.00000, 3114,  388
   -22095.00000,    46755.00000, 3127,  389
   -21195.00000,    46755.00000, 3132,  390
   -17265.00000,    46755.00000, 3148,  391
   -21615.00000,    46785.00000, 3169,  392
   -20085.00000,    46785.00000, 3178,  393
   -19695.00000,    46785.00000, 3180,  394
   -18825.00000,    46785.00000, 3182,  395
   -18675.00000,    46785.00000, 3183,  396
   -16515.00000,    46785.00000, 3198,  397
   -22485.00000,    46815.00000, 3213,  398
   -21045.00000,    46815.00000, 3220,  399
   -20865.00000,    46815.00000, 3221,  400
   -20625.00000,    46815.00000, 3224,  401
   -20295.00000,    46815.00000, 3225,  402
   -19905.00000,    46815.00000, 3227,  403
   -19455.00000,    46815.00000, 3238,  404
   -18915.00000,    46815.00000, 3239,  405
   -18315.00000,    46815.00000, 3245,  406
   -17415.00000,    46815.00000, 3251,  407
   -16575.00000,    46815.00000, 3255,  408
   -20385.00000,    46845.00000, 3278,  409
   -20205.00000,    46845.00000, 3280,  410
   -19545.00000,    46845.00000, 3286,  411
   -19245.00000,    46845.00000, 3287,  412
   -15795.00000,    46845.00000, 3306,  413
   -22335.00000,    46875.00000, 3316,  414
   -21945.00000,    46875.00000, 3326,  415
   -21615.00000,    46875.00000, 3327,  416
   -20565.00000,    46875.00000, 3336,  417
   -17715.00000,    46875.00000, 3353,  418
   -15375.00000,    46875.00000, 3366,  419
   -15255.00000,    46875.00000, 3367,  420
   -23445.00000,    46905.00000, 3368,  421
   -18135.00000,    46905.00000, 3401,  422
   -16005.00000,    46905.00000, 3413,  423
   -22545.00000,    46935.00000, 3422,  424
   -21735.00000,    46935.00000, 3424,  425
   -20955.00000,    46935.00000, 3432,  426
   -19605.00000,    46935.00000, 3440,  427
   -18465.00000,    46935.00000, 3445,  428
   -15855.00000,    46935.00000, 3462,  429
   -22995.00000,    46965.00000, 3466,  430
   -22695.00000,    46965.00000, 3472,  431
   -18615.00000,    46965.00000, 3490,  432
   -18345.00000,    46965.00000, 3491,  433
   -18135.00000,    46965.00000, 3492,  434
   -17505.00000,    46965.00000, 3498,  435
   -17265.00000,    46965.00000, 3499,  436
   -16425.00000,    46965.00000, 3503,  437
   -22185.00000,    46995.00000, 3512,  438
   -20055.00000,    46995.00000, 3526,  439
   -19755.00000,    46995.00000, 3529,  440
   -15675.00000,    46995.00000, 3550,  441
   -22005.00000,    47025.00000, 3559,  442
   -20715.00000,    47025.00000, 3573,  443
   -16605.00000,    47025.00000, 3600,  444
   -16035.00000,    47025.00000, 3602,  445
   -23595.00000,    47055.00000, 3609,  446
   -23445.00000,    47055.00000, 3610,  447
   -23025.00000,    47055.00000, 3612,  448
   -22335.00000,    47055.00000, 3615,  449
   -21855.00000,    47055.00000, 3618,  450
   -21255.00000,    47055.00000, 3620,  451
   -20655.00000,    47055.00000, 3624,  452
   -19485.00000,    47055.00000, 3630,  453
   -18645.00000,    47055.00000, 3637,  454
   -18135.00000,    47055.00000, 3638,  455
   -16245.00000,    47055.00000, 3651,  456
   -15405.00000,    47055.00000, 3654,  457
   -22845.00000,    47085.00000, 3661,  458
   -22095.00000,    47085.00000, 3663,  459
   -21705.00000,    47085.00000, 3666,  460
   -20325.00000,    47085.00000, 3674,  461
   -20085.00000,    47085.00000, 3675,  462
   -17835.00000,    47085.00000, 3684,  463
   -17475.00000,    47085.00000, 3686,  464
   -17145.00000,    47085.00000, 3688,  465
   -22455.00000,    47115.00000, 3698,  466
   -21195.00000,    47115.00000, 3704,  467
   -20565.00000,    47115.00000, 3708,  468
   -19245.00000,    47115.00000, 3713,  469
   -18765.00000,    47115.00000, 3718,  470
   -18375.00000,    47115.00000, 3719,  471
   -17625.00000,    47115.00000, 3722,  472
   -15645.00000,    47115.00000, 3738,  473
   -23175.00000,    47145.00000, 3741,  474
   -20835.00000,    47145.00000, 3757,  475
   -20415.00000,    47145.00000, 3758,  476
   -20115.00000,    47145.00000, 3759,  477
   -19845.00000,    47145.00000, 3763,  478
   -16005.00000,    47145.00000, 3782,  479
   -23805.00000,    47175.00000, 3786,  480
   -22605.00000,    47175.00000, 3791,  481
   -22065.00000,    47175.00000, 3796,  482
   -21465.00000,    47175.00000, 3800,  483
   -19635.00000,    47175.00000, 3807,  484
   -18915.00000,    47175.00000, 3812,  485
   -17325.00000,    47175.00000, 3816,  486
   -16425.00000,    47175.00000, 3820,  487
   -16185.00000,    47175.00000, 3822,  488
   -15915.00000,    47175.00000, 3823,  489
   -19425.00000,    47205.00000, 3847,  490
   -18255.00000,    47205.00000, 3852,  491
   -17685.00000,    47205.00000, 3854,  492
   -15465.00000,    47205.00000, 3871,  493
   -23895.00000,    47235.00000, 3872,  494
   -23565.00000,    47235.00000, 3874,  495
   -22725.00000,    47235.00000, 3891,  496
   -21045.00000,    47235.00000, 3901,  497
   -18045.00000,    47235.00000, 3915,  498
   -17385.00000,    47235.00000, 3924,  499
   -17085.00000,    47235.00000, 3927,  500
   -16935.00000,    47235.00000, 3928,  501
   -16155.00000,    47235.00000, 3932,  502
   -20925.00000,    47265.00000, 3953,  503
   -20205.00000,    47265.00000, 3954,  504
   -18585.00000,    47265.00000, 3964,  505
   -15585.00000,    47265.00000, 3985,  506
   -15435.00000,    47265.00000, 3986,  507
   -24105.00000,    47295.00000, 3987,  508
   -19245.00000,    47295.00000, 4009,  509
   -19035.00000,    47295.00000, 4011,  510
   -17925.00000,    47295.00000, 4019,  511
   -16335.00000,    47295.00000, 4033,  512
   -15735.00000,    47295.00000, 4034,  513
   -23925.00000,    47325.00000, 4037,  514
   -20325.00000,    47325.00000, 4056,  515
   -18225.00000,    47325.00000, 4065,  516
   -24405.00000,    47355.00000, 4078,  517
   -23655.00000,    47355.00000, 4081,  518
   -22755.00000,    47355.00000, 4084,  519
   -22545.00000,    47355.00000, 4085,  520
   -20565.00000,    47355.00000, 4097,  521
   -20475.00000,    47355.00000, 4098,  522
   -24285.00000,    47385.00000, 4140,  523
   -21075.00000,    47385.00000, 4157,  524
   -20025.00000,    47385.00000, 4167,  525
   -15855.00000,    47385.00000, 4191,  526
   -24015.00000,    47415.00000, 4196,  527
   -23535.00000,    47415.00000, 4199,  528
   -22995.00000,    47415.00000, 4202,  529
   -21855.00000,    47415.00000, 4206,  530
   -21495.00000,    47415.00000, 4208,  531
   -21105.00000,    47415.00000, 4211,  532
   -20865.00000,    47415.00000, 4212,  533
   -16155.00000,    47415.00000, 4243,  534
   -15495.00000,    47415.00000, 4246,  535
   -25125.00000,    47445.00000, 4247,  536
   -24615.00000,    47445.00000, 4248,  537
   -23745.00000,    47445.00000, 4254,  538
   -23415.00000,    47445.00000, 4257,  539
   -18615.00000,    47445.00000, 4284,  540
   -18525.00000,    47445.00000, 4285,  541
   -18015.00000,    47445.00000, 4289,  542
   -22305.00000,    47475.00000, 4322,  543
   -21375.00000,    47475.00000, 4331,  544
   -21255.00000,    47475.00000, 4333,  545
   -19845.00000,    47475.00000, 4344,  546
   -19605.00000,    47475.00000, 4345,  547
   -19125.00000,    47475.00000, 4350,  548
   -18255.00000,    47475.00000, 4358,  549
   -17955.00000,    47475.00000, 4359,  550
   -17085.00000,    47475.00000, 4364,  551
   -24735.00000,    47505.00000, 4387,  552
   -22635.00000,    47505.00000, 4398,  553
   -21915.00000,    47505.00000, 4403,  554
   -20835.00000,    47505.00000, 4406,  555
   -15945.00000,    47505.00000, 4432,  556
   -24885.00000,    47535.00000, 4434,  557
   -23325.00000,    47535.00000, 4443,  558
   -22815.00000,    47535.00000, 4445,  559
   -21525.00000,    47535.00000, 4450,  560
   -20415.00000,    47535.00000, 4453,  561
   -19455.00000,    47535.00000, 4456,  562
   -18885.00000,    47535.00000, 4463,  563
   -18345.00000,    47535.00000, 4468,  564
   -16905.00000,    47535.00000, 4473,  565
   -16785.00000,    47535.00000, 4474,  566
   -15735.00000,    47535.00000, 4478,  567
   -25335.00000,    47565.00000, 4479,  568
   -25155.00000,    47565.00000, 4482,  569
   -22935.00000,    47565.00000, 4492,  570
   -22305.00000,    47565.00000, 4495,  571
   -21045.00000,    47565.00000, 4498,  572
   -18105.00000,    47565.00000, 4511,  573
   -17865.00000,    47565.00000, 4512,  574
   -15525.00000,    47565.00000, 4524,  575
   -24975.00000,    47595.00000, 4528,  576
   -24465.00000,    47595.00000, 4532,  577
   -24195.00000,    47595.00000, 4534,  578
   -21615.00000,    47595.00000, 4543,  579
   -19755.00000,    47595.00000, 4556,  580
   -16695.00000,    47595.00000, 4567,  581
   -23985.00000,    47625.00000, 4585,  582
   -20655.00000,    47625.00000, 4597,  583
   -19305.00000,    47625.00000, 4601,  584
   -17175.00000,    47625.00000, 4616,  585
   -25515.00000,    47655.00000, 4623,  586
   -23145.00000,    47655.00000, 4637,  587
   -22935.00000,    47655.00000, 4638,  588
   -19215.00000,    47655.00000, 4659,  589
   -17055.00000,    47655.00000, 4671,  590
   -15735.00000,    47655.00000, 4681,  591
   -22785.00000,    47685.00000, 4700,  592
   -21765.00000,    47685.00000, 4708,  593
   -20925.00000,    47685.00000, 4710,  594
   -20415.00000,    47685.00000, 4711,  595
   -19035.00000,    47685.00000, 4718,  596
   -18675.00000,    47685.00000, 4721,  597
   -18375.00000,    47685.00000, 4723,  598
   -18255.00000,    47685.00000, 4724,  599
   -17865.00000,    47685.00000, 4726,  600
   -16575.00000,    47685.00000, 4731,  601
   -15495.00000,    47685.00000, 4740,  602
   -21945.00000,    47715.00000, 4760,  603
   -21345.00000,    47715.00000, 4761,  604
   -21135.00000,    47715.00000, 4764,  605
   -20835.00000,    47715.00000, 4766,  606
   -19575.00000,    47715.00000, 4773,  607
   -16875.00000,    47715.00000, 4787,  608
   -24675.00000,    47745.00000, 4802,  609
   -22545.00000,    47745.00000, 4812,  610
   -19695.00000,    47745.00000, 4827,  611
   -19545.00000,    47745.00000, 4830,  612
   -25815.00000,    47775.00000, 4853,  613
   -24165.00000,    47775.00000, 4869,  614
   -23955.00000,    47775.00000, 4870,  615
   -22665.00000,    47775.00000, 4878,  616
   -21975.00000,    47775.00000, 4881,  617
   -21585.00000,    47775.00000, 4882,  618
   -21375.00000,    47775.00000, 4883,  619
   -20475.00000,    47775.00000, 4888,  620
   -18885.00000,    47775.00000, 4901,  621
   -16725.00000,    47775.00000, 4921,  622
   -16455.00000,    47775.00000, 4922,  623
   -15495.00000,    47775.00000, 4929,  624
   -22935.00000,    47805.00000, 4948,  625
   -21075.00000,    47805.00000, 4959,  626
   -19635.00000,    47805.00000, 4971,  627
   -17715.00000,    47805.00000, 4979,  628
   -16155.00000,    47805.00000, 4987,  629
   -16005.00000,    47805.00000, 4988,  630
   -15915.00000,    47805.00000, 4989,  631
   -25095.00000,    47835.00000, 4999,  632
   -20565.00000,    47835.00000, 5017,  633
   -19395.00000,    47835.00000, 5024,  634
   -18465.00000,    47835.00000, 5029,  635
   -24765.00000,    47865.00000, 5047,  636
   -24585.00000,    47865.00000, 5049,  637
   -24405.00000,    47865.00000, 5050,  638
   -23175.00000,    47865.00000, 5060,  639
   -22725.00000,    47865.00000, 5061,  640
   -20355.00000,    47865.00000, 5069,  641
   -19815.00000,    47865.00000, 5072,  642
   -19305.00000,    47865.00000, 5074,  643
   -18225.00000,    47865.00000, 5080,  644
   -17835.00000,    47865.00000, 5082,  645
   -25215.00000,    47895.00000, 5098,  646
   -21465.00000,    47895.00000, 5113,  647
   -21045.00000,    47895.00000, 5115,  648
   -18975.00000,    47895.00000, 5124,  649
   -17475.00000,    47895.00000, 5133,  650
   -16365.00000,    47895.00000, 5137,  651
   -16335.00000,    47895.00000, 5138,  652
   -24195.00000,    47925.00000, 5153,  653
   -24015.00000,    47925.00000, 5154,  654
   -23265.00000,    47925.00000, 5163,  655
   -22995.00000,    47925.00000, 5164,  656
   -22485.00000,    47925.00000, 5166,  657
   -22065.00000,    47925.00000, 5175,  658
   -20085.00000,    47925.00000, 5183,  659
   -18225.00000,    47925.00000, 5193,  660
   -16875.00000,    47925.00000, 5201,  661
   -16575.00000,    47925.00000, 5205,  662
   -15585.00000,    47925.00000, 5215,  663
   -25785.00000,    47955.00000, 5216,  664
   -25515.00000,    47955.00000, 5218,  665
   -23415.00000,    47955.00000, 5228,  666
   -22935.00000,    47955.00000, 5230,  667
   -20685.00000,    47955.00000, 5241,  668
   -20535.00000,    47955.00000, 5242,  669
   -16995.00000,    47955.00000, 5263,  670
   -25935.00000,    47985.00000, 5272,  671
   -25035.00000,    47985.00000, 5275,  672
   -24975.00000,    47985.00000, 5276,  673
   -21375.00000,    47985.00000, 5293,  674
   -19035.00000,    47985.00000, 5309,  675
   -17955.00000,    47985.00000, 5317,  676
   -24495.00000,    48015.00000, 5348,  677
   -22305.00000,    48015.00000, 5356,  678
   -19485.00000,    48015.00000, 5371,  679
   -18675.00000,    48015.00000, 5375,  680
   -18225.00000,    48015.00000, 5378,  681
   -15525.00000,    48015.00000, 5394,  682
   -26115.00000,    48045.00000, 5395,  683
   -25395.00000,    48045.00000, 5401,  684
   -23925.00000,    48045.00000, 5417,  685
   -22815.00000,    48045.00000, 5422,  686
   -19935.00000,    48045.00000, 5437,  687
   -19755.00000,    48045.00000, 5438,  688
   -19605.00000,    48045.00000, 5439,  689
   -18885.00000,    48045.00000, 5445,  690
   -16485.00000,    48045.00000, 5459,  691
   -16125.00000,    48045.00000, 5461,  692
   -15915.00000,    48045.00000, 5463,  693
   -23235.00000,    48075.00000, 5492,  694
   -22035.00000,    48075.00000, 5498,  695
   -20295.00000,    48075.00000, 5506,  696
   -19665.00000,    48075.00000, 5511,  697
   -19335.00000,    48075.00000, 5516,  698
   -15555.00000,    48075.00000, 5539,  699
   -26205.00000,    48105.00000, 5540,  700
   -25665.00000,    48105.00000, 5545,  701
   -23415.00000,    48105.00000, 5556,  702
   -22515.00000,    48105.00000, 5561,  703
   -21615.00000,    48105.00000, 5570,  704
   -20595.00000,    48105.00000, 5576,  705
   -15765.00000,    48105.00000, 5609,  706
   -25455.00000,    48135.00000, 5613,  707
   -25065.00000,    48135.00000, 5616,  708
   -23565.00000,    48135.00000, 5624,  709
   -23145.00000,    48135.00000, 5627,  710
   -16215.00000,    48135.00000, 5678,  711
   -21735.00000,    48165.00000, 5705,  712
   -19995.00000,    48165.00000, 5714,  713
   -18975.00000,    48165.00000, 5721,  714
   -18345.00000,    48165.00000, 5726,  715
   -24615.00000,    48195.00000, 5764,  716
   -22425.00000,    48195.00000, 5776,  717
   -20625.00000,    48195.00000, 5785,  718
   -19755.00000,    48195.00000, 5789,  719
   -19155.00000,    48195.00000, 5793,  720
   -19005.00000,    48195.00000, 5794,  721
   -18825.00000,    48195.00000, 5795,  722
   -18645.00000,    48195.00000, 5797,  723
   -25245.00000,    48225.00000, 5826,  724
   -24195.00000,    48225.00000, 5836,  725
   -20265.00000,    48225.00000, 5857,  726
   -19275.00000,    48225.00000, 5862,  727
   -18735.00000,    48225.00000, 5863,  728
   -18525.00000,    48225.00000, 5864,  729
   -18225.00000,    48225.00000, 5865,  730
   -17085.00000,    48225.00000, 5872,  731
   -16335.00000,    48225.00000, 5877,  732
   -15585.00000,    48225.00000, 5882,  733
   -21825.00000,    48255.00000, 5907,  734
   -21495.00000,    48255.00000, 5910,  735
   -20745.00000,    48255.00000, 5915,  736
   -17505.00000,    48255.00000, 5926,  737
   -16485.00000,    48255.00000, 5934,  738
   -22485.00000,    48285.00000, 5962,  739
   -22155.00000,    48285.00000, 5968,  740
   -21975.00000,    48285.00000, 5969,  741
   -20355.00000,    48285.00000, 5979,  742
   -20175.00000,    48285.00000, 5981,  743
   -19635.00000,    48285.00000, 5984,  744
   -18135.00000,    48285.00000, 5987,  745
   -25575.00000,    48315.00000, 6007,  746
   -25275.00000,    48315.00000, 6009,  747
   -19875.00000,    48315.00000, 6039,  748
   -19395.00000,    48315.00000, 6041,  749
   -18015.00000,    48315.00000, 6042,  750
   -17835.00000,    48315.00000, 6044,  751
   -15615.00000,    48315.00000, 6054,  752
   -23295.00000,    48345.00000, 6073,  753
   -23055.00000,    48345.00000, 6075,  754
   -19905.00000,    48345.00000, 6093,  755
   -17985.00000,    48345.00000, 6096,  756
   -17355.00000,    48345.00000, 6099,  757
   -16185.00000,    48345.00000, 6105,  758
   -22785.00000,    48375.00000, 6131,  759
   -22515.00000,    48375.00000, 6132,  760
   -20625.00000,    48375.00000, 6147,  761
   -16875.00000,    48375.00000, 6159,  762
   -16785.00000,    48375.00000, 6160,  763
   -15795.00000,    48375.00000, 6164,  764
   -25845.00000,    48405.00000, 6168,  765
   -25155.00000,    48405.00000, 6179,  766
   -24855.00000,    48405.00000, 6181,  767
   -22725.00000,    48405.00000, 6196,  768
   -20025.00000,    48405.00000, 6217,  769
   -19005.00000,    48405.00000, 6219,  770
   -18915.00000,    48405.00000, 6220,  771
   -24495.00000,    48435.00000, 6246,  772
   -22065.00000,    48435.00000, 6269,  773
   -21915.00000,    48435.00000, 6270,  774
   -19635.00000,    48435.00000, 6296,  775
   -19365.00000,    48435.00000, 6298,  776
   -18795.00000,    48435.00000, 6301,  777
   -18705.00000,    48435.00000, 6302,  778
   -18405.00000,    48435.00000, 6303,  779
   -18285.00000,    48435.00000, 6304,  780
   -17745.00000,    48435.00000, 6305,  781
   -23955.00000,    48465.00000, 6328,  782
   -19155.00000,    48465.00000, 6369,  783
   -19065.00000,    48465.00000, 6370,  784
   -18495.00000,    48465.00000, 6375,  785
   -16635.00000,    48465.00000, 6380,  786
   -16245.00000,    48465.00000, 6382,  787
   -16095.00000,    48465.00000, 6383,  788
   -25485.00000,    48495.00000, 6389,  789
   -22575.00000,    48495.00000, 6408,  790
   -17625.00000,    48495.00000, 6448,  791
   -16965.00000,    48495.00000, 6450,  792
   -25935.00000,    48525.00000, 6455,  793
   -25035.00000,    48525.00000, 6458,  794
   -24795.00000,    48525.00000, 6460,  795
   -24375.00000,    48525.00000, 6462,  796
   -23805.00000,    48525.00000, 6466,  797
   -18195.00000,    48525.00000, 6514,  798
   -17835.00000,    48525.00000, 6515,  799
   -25245.00000,    48555.00000, 6535,  800
   -24945.00000,    48555.00000, 6536,  801
   -23025.00000,    48555.00000, 6546,  802
   -22215.00000,    48555.00000, 6553,  803
   -20175.00000,    48555.00000, 6569,  804
   -18525.00000,    48555.00000, 6578,  805
   -18045.00000,    48555.00000, 6581,  806
   -17205.00000,    48555.00000, 6589,  807
   -16245.00000,    48555.00000, 6592,  808
   -26025.00000,    48585.00000, 6595,  809
   -25605.00000,    48585.00000, 6601,  810
   -24645.00000,    48585.00000, 6603,  811
   -23055.00000,    48585.00000, 6613,  812
   -22365.00000,    48585.00000, 6622,  813
   -19755.00000,    48585.00000, 6637,  814
   -17865.00000,    48585.00000, 6644,  815
   -22875.00000,    48615.00000, 6665,  816
   -22275.00000,    48615.00000, 6669,  817
   -21615.00000,    48615.00000, 6673,  818
   -21135.00000,    48615.00000, 6676,  819
   -19395.00000,    48615.00000, 6683,  820
   -18705.00000,    48615.00000, 6685,  821
   -18315.00000,    48615.00000, 6688,  822
   -16995.00000,    48615.00000, 6700,  823
   -16815.00000,    48615.00000, 6701,  824
   -16035.00000,    48615.00000, 6703,  825
   -24405.00000,    48645.00000, 6711,  826
   -23565.00000,    48645.00000, 6717,  827
   -21435.00000,    48645.00000, 6728,  828
   -19605.00000,    48645.00000, 6738,  829
   -16695.00000,    48645.00000, 6757,  830
   -15795.00000,    48645.00000, 6760,  831
   -25785.00000,    48675.00000, 6763,  832
   -19575.00000,    48675.00000, 6792,  833
   -18225.00000,    48675.00000, 6801,  834
   -25425.00000,    48705.00000, 6814,  835
   -25335.00000,    48705.00000, 6815,  836
   -25155.00000,    48705.00000, 6816,  837
   -23805.00000,    48705.00000, 6822,  838
   -23715.00000,    48705.00000, 6823,  839
   -19275.00000,    48705.00000, 6848,  840
   -18615.00000,    48705.00000, 6851,  841
   -17355.00000,    48705.00000, 6863,  842
   -16755.00000,    48705.00000, 6869,  843
   -24915.00000,    48735.00000, 6887,  844
   -23205.00000,    48735.00000, 6895,  845
   -22335.00000,    48735.00000, 6900,  846
   -21465.00000,    48735.00000, 6904,  847
   -20205.00000,    48735.00000, 6915,  848
   -17085.00000,    48735.00000, 6932,  849
   -16215.00000,    48735.00000, 6938,  850
   -16035.00000,    48735.00000, 6939,  851
   -25695.00000,    48765.00000, 6942,  852
   -24465.00000,    48765.00000, 6954,  853
   -23595.00000,    48765.00000, 6959,  854
   -23415.00000,    48765.00000, 6960,  855
   -22125.00000,    48765.00000, 6966,  856
   -21165.00000,    48765.00000, 6970,  857
   -19425.00000,    48765.00000, 6981,  858
   -18855.00000,    48765.00000, 6983,  859
   -16605.00000,    48765.00000, 7004,  860
   -25065.00000,    48795.00000, 7009,  861
   -24645.00000,    48795.00000, 7011,  862
   -22785.00000,    48795.00000, 7024,  863
   -22515.00000,    48795.00000, 7028,  864
   -20475.00000,    48795.00000, 7037,  865
   -20295.00000,    48795.00000, 7038,  866
   -19995.00000,    48795.00000, 7041,  867
   -19065.00000,    48795.00000, 7048,  868
   -18975.00000,    48795.00000, 7049,  869
   -18435.00000,    48795.00000, 7053,  870
   -16995.00000,    48795.00000, 7064,  871
   -16185.00000,    48795.00000, 7069,  872
   -24645.00000,    48825.00000, 7075,  873
   -21435.00000,    48825.00000, 7089,  874
   -20805.00000,    48825.00000, 7092,  875
   -17925.00000,    48825.00000, 7111,  876
   -17295.00000,    48825.00000, 7115,  877
   -17085.00000,    48825.00000, 7116,  878
   -16815.00000,    48825.00000, 7118,  879
   -16395.00000,    48825.00000, 7124,  880
   -22635.00000,    48855.00000, 7141,  881
   -19725.00000,    48855.00000, 7154,  882
   -23775.00000,    48885.00000, 7194,  883
   -23145.00000,    48885.00000, 7197,  884
   -22785.00000,    48885.00000, 7199,  885
   -21795.00000,    48885.00000, 7205,  886
   -21405.00000,    48885.00000, 7207,  887
   -20625.00000,    48885.00000, 7210,  888
   -17745.00000,    48885.00000, 7225,  889
   -22365.00000,    48915.00000, 7261,  890
   -22125.00000,    48915.00000, 7262,  891
   -17445.00000,    48915.00000, 7288,  892
   -16365.00000,    48915.00000, 7291,  893
   -26175.00000,    48945.00000, 7292,  894
   -25545.00000,    48945.00000, 7297,  895
   -25065.00000,    48945.00000, 7303,  896
   -23805.00000,    48945.00000, 7312,  897
   -21315.00000,    48945.00000, 7321,  898
   -20445.00000,    48945.00000, 7323,  899
   -19845.00000,    48945.00000, 7328,  900
   -17565.00000,    48945.00000, 7343,  901
   -16635.00000,    48945.00000, 7346,  902
   -16065.00000,    48945.00000, 7348,  903
   -25995.00000,    48975.00000, 7350,  904
   -25815.00000,    48975.00000, 7351,  905
   -24705.00000,    48975.00000, 7356,  906
   -24135.00000,    48975.00000, 7362,  907
   -23595.00000,    48975.00000, 7364,  908
   -23205.00000,    48975.00000, 7369,  909
   -21165.00000,    48975.00000, 7379,  910
   -19545.00000,    48975.00000, 7386,  911
   -18915.00000,    48975.00000, 7389,  912
   -18585.00000,    48975.00000, 7393,  913
   -18465.00000,    48975.00000, 7394,  914
   -16695.00000,    48975.00000, 7402,  915
   -16455.00000,    48975.00000, 7403,  916
   -22785.00000,    49005.00000, 7420,  917
   -21585.00000,    49005.00000, 7425,  918
   -21375.00000,    49005.00000, 7426,  919
   -17385.00000,    49005.00000, 7449,  920
   -17085.00000,    49005.00000, 7450,  921
   -16215.00000,    49005.00000, 7451,  922
   -26055.00000,    49035.00000, 7454,  923
   -25695.00000,    49035.00000, 7457,  924
   -22185.00000,    49035.00000, 7474,  925
   -20835.00000,    49035.00000, 7481,  926
   -25335.00000,    49065.00000, 7516,  927
   -23145.00000,    49065.00000, 7527,  928
   -20535.00000,    49065.00000, 7535,  929
   -19515.00000,    49065.00000, 7540,  930
   -19245.00000,    49065.00000, 7542,  931
   -17205.00000,    49065.00000, 7556,  932
   -16965.00000,    49065.00000, 7558,  933
   -26175.00000,    49095.00000, 7561,  934
   -23835.00000,    49095.00000, 7575,  935
   -23625.00000,    49095.00000, 7576,  936
   -23175.00000,    49095.00000, 7581,  937
   -22455.00000,    49095.00000, 7586,  938
   -21645.00000,    49095.00000, 7592,  939
   -21165.00000,    49095.00000, 7595,  940
   -19815.00000,    49095.00000, 7607,  941
   -16905.00000,    49095.00000, 7633,  942
   -25785.00000,    49125.00000, 7639,  943
   -24945.00000,    49125.00000, 7644,  944
   -24375.00000,    49125.00000, 7647,  945
   -23295.00000,    49125.00000, 7652,  946
   -21975.00000,    49125.00000, 7662,  947
   -21765.00000,    49125.00000, 7663,  948
   -21375.00000,    49125.00000, 7667,  949
   -20655.00000,    49125.00000, 7672,  950
   -16515.00000,    49125.00000, 7695,  951
   -16305.00000,    49125.00000, 7696,  952
   -24075.00000,    49155.00000, 7712,  953
   -22665.00000,    49155.00000, 7715,  954
   -22245.00000,    49155.00000, 7717,  955
   -16035.00000,    49155.00000, 7753,  956
   -25875.00000,    49185.00000, 7755,  957
   -25035.00000,    49185.00000, 7759,  958
   -24795.00000,    49185.00000, 7760,  959
   -24585.00000,    49185.00000, 7761,  960
   -23685.00000,    49185.00000, 7765,  961
   -20025.00000,    49185.00000, 7780,  962
   -18375.00000,    49185.00000, 7796,  963
   -16395.00000,    49185.00000, 7812,  964
   -24315.00000,    49215.00000, 7827,  965
   -21585.00000,    49215.00000, 7846,  966
   -20625.00000,    49215.00000, 7850,  967
   -18615.00000,    49215.00000, 7869,  968
   -17055.00000,    49215.00000, 7880,  969
   -25635.00000,    49245.00000, 7894,  970
   -25485.00000,    49245.00000, 7895,  971
   -21375.00000,    49245.00000, 7912,  972
   -21075.00000,    49245.00000, 7917,  973
   -20445.00000,    49245.00000, 7920,  974
   -19185.00000,    49245.00000, 7927,  975
   -17865.00000,    49245.00000, 7939,  976
   -17205.00000,    49245.00000, 7942,  977
   -16545.00000,    49245.00000, 7944,  978
   -16035.00000,    49245.00000, 7948,  979
   -25065.00000,    49275.00000, 7953,  980
   -23865.00000,    49275.00000, 7961,  981
   -23205.00000,    49275.00000, 7964,  982
   -22245.00000,    49275.00000, 7968,  983
   -21765.00000,    49275.00000, 7971,  984
   -24795.00000,    49305.00000, 8019,  985
   -23685.00000,    49305.00000, 8028,  986
   -22455.00000,    49305.00000, 8038,  987
   -20805.00000,    49305.00000, 8045,  988
   -19875.00000,    49305.00000, 8051,  989
   -19695.00000,    49305.00000, 8053,  990
   -17565.00000,    49305.00000, 8070,  991
   -24615.00000,    49335.00000, 8085,  992
   -22935.00000,    49335.00000, 8094,  993
   -22605.00000,    49335.00000, 8096,  994
   -21975.00000,    49335.00000, 8102,  995
   -20295.00000,    49335.00000, 8111,  996
   -17895.00000,    49335.00000, 8127,  997
   -16035.00000,    49335.00000, 8139,  998
   -25695.00000,    49365.00000, 8143,  999
   -23265.00000,    49365.00000, 8156, 1000
   -22095.00000,    49365.00000, 8161, 1001
   -21345.00000,    49365.00000, 8166, 1002
   -20925.00000,    49365.00000, 8169, 1003
   -20685.00000,    49365.00000, 8170, 1004
   -20055.00000,    49365.00000, 8172, 1005
   -17775.00000,    49365.00000, 8187, 1006
   -16815.00000,    49365.00000, 8192, 1007
   -25935.00000,    49395.00000, 8196, 1008
   -25485.00000,    49395.00000, 8197, 1009
   -24135.00000,    49395.00000, 8203, 1010
   -23145.00000,    49395.00000, 8210, 1011
   -19935.00000,    49395.00000, 8219, 1012
   -19695.00000,    49395.00000, 8222, 1013
   -19575.00000,    49395.00000, 8223, 1014
   -18945.00000,    49395.00000, 8226, 1015
   -18525.00000,    49395.00000, 8228, 1016
   -18435.00000,    49395.00000, 8229, 1017
   -17565.00000,    49395.00000, 8234, 1018
   -25005.00000,    49425.00000, 8244, 1019
   -23745.00000,    49425.00000, 8250, 1020
   -22275.00000,    49425.00000, 8259, 1021
   -18225.00000,    49425.00000, 8273, 1022
   -17985.00000,    49425.00000, 8276, 1023
   -16545.00000,    49425.00000, 8282, 1024
   -25395.00000,    49455.00000, 8286, 1025
   -24915.00000,    49455.00000, 8291, 1026
   -23955.00000,    49455.00000, 8298, 1027
   -22995.00000,    49455.00000, 8303, 1028
   -21495.00000,    49455.00000, 8311, 1029
   -21225.00000,    49455.00000, 8312, 1030
   -20985.00000,    49455.00000, 8317, 1031
   -25245.00000,    49485.00000, 8336, 1032
   -24735.00000,    49485.00000, 8341, 1033
   -22395.00000,    49485.00000, 8355, 1034
   -21765.00000,    49485.00000, 8357, 1035
   -19125.00000,    49485.00000, 8374, 1036
   -17505.00000,    49485.00000, 8378, 1037
   -22665.00000,    49515.00000, 8403, 1038
   -20655.00000,    49515.00000, 8412, 1039
   -16005.00000,    49515.00000, 8443, 1040
   -24345.00000,    49545.00000, 8450, 1041
   -18675.00000,    49545.00000, 8475, 1042
   -24615.00000,    49575.00000, 8496, 1043
   -24495.00000,    49575.00000, 8497, 1044
   -22515.00000,    49575.00000, 8507, 1045
   -22455.00000,    49575.00000, 8509, 1046
   -20865.00000,    49575.00000, 8517, 1047
   -19935.00000,    49575.00000, 8522, 1048
   -19695.00000,    49575.00000, 8524, 1049
   -19305.00000,    49575.00000, 8530, 1050
   -19125.00000,    49575.00000, 8532, 1051
   -17895.00000,    49575.00000, 8537, 1052
   -17805.00000,    49575.00000, 8538, 1053
   -17775.00000,    49575.00000, 8539, 1054
   -25155.00000,    49605.00000, 8551, 1055
   -24225.00000,    49605.00000, 8555, 1056
   -21285.00000,    49605.00000, 8574, 1057
   -18975.00000,    49605.00000, 8588, 1058
   -18555.00000,    49605.00000, 8590, 1059
   -18405.00000,    49605.00000, 8591, 1060
   -24075.00000,    49635.00000, 8611, 1061
   -23955.00000,    49635.00000, 8612, 1062
   -22755.00000,    49635.00000, 8623, 1063
   -22245.00000,    49635.00000, 8625, 1064
   -21465.00000,    49635.00000, 8630, 1065
   -20115.00000,    49635.00000, 8638, 1066
   -18885.00000,    49635.00000, 8646, 1067
   -25095.00000,    49665.00000, 8669, 1068
   -24795.00000,    49665.00000, 8672, 1069
   -21615.00000,    49665.00000, 8686, 1070
   -19695.00000,    49665.00000, 8695, 1071
   -19245.00000,    49665.00000, 8698, 1072
   -17625.00000,    49665.00000, 8707, 1073
   -16635.00000,    49665.00000, 8718, 1074
   -16485.00000,    49665.00000, 8719, 1075
   -16035.00000,    49665.00000, 8724, 1076
   -24945.00000,    49695.00000, 8725, 1077
   -22455.00000,    49695.00000, 8733, 1078
   -20835.00000,    49695.00000, 8742, 1079
   -19965.00000,    49695.00000, 8746, 1080
   -17295.00000,    49695.00000, 8763, 1081
   -23805.00000,    49725.00000, 8770, 1082
   -19425.00000,    49725.00000, 8789, 1083
   -18675.00000,    49725.00000, 8796, 1084
   -18255.00000,    49725.00000, 8800, 1085
   -22635.00000,    49755.00000, 8820, 1086
   -21975.00000,    49755.00000, 8823, 1087
   -20175.00000,    49755.00000, 8834, 1088
   -18855.00000,    49755.00000, 8840, 1089
   -17775.00000,    49755.00000, 8849, 1090
   -23085.00000,    49785.00000, 8861, 1091
   -21345.00000,    49785.00000, 8873, 1092
   -18945.00000,    49785.00000, 8890, 1093
   -17445.00000,    49785.00000, 8897, 1094
   -16395.00000,    49785.00000, 8901, 1095
   -16065.00000,    49785.00000, 8903, 1096
   -22335.00000,    49815.00000, 8911, 1097
   -20685.00000,    49815.00000, 8921, 1098
   -18405.00000,    49815.00000, 8936, 1099
   -17595.00000,    49815.00000, 8941, 1100
   -22845.00000,    49845.00000, 8955, 1101
   -21525.00000,    49845.00000, 8960, 1102
   -20175.00000,    49845.00000, 8968, 1103
   -19485.00000,    49845.00000, 8972, 1104
   -23505.00000,    49875.00000, 8995, 1105
   -22185.00000,    49875.00000, 8999, 1106
   -21855.00000,    49875.00000, 9001, 1107
   -17445.00000,    49875.00000, 9026, 1108
   -16275.00000,    49875.00000, 9033, 1109
   -23715.00000,    49905.00000, 9034, 1110
   -22935.00000,    49905.00000, 9038, 1111
   -20475.00000,    49905.00000, 9048, 1112
   -19995.00000,    49905.00000, 9051, 1113
   -22965.00000,    49935.00000, 9073, 1114
   -20805.00000,    49935.00000, 9081, 1115
   -20595.00000,    49935.00000, 9082, 1116
   -18705.00000,    49935.00000, 9089, 1117
   -17265.00000,    49935.00000, 9097, 1118
   -16785.00000,    49935.00000, 9100, 1119
   -23205.00000,    49965.00000, 9105, 1120
   -23115.00000,    49965.00000, 9106, 1121
   -22125.00000,    49965.00000, 9107, 1122
   -21315.00000,    49965.00000, 9113, 1123
   -21855.00000,    49995.00000, 9137, 1124
   -20415.00000,    49995.00000, 9145, 1125
   -19155.00000,    49995.00000, 9151, 1126
   -18225.00000,    49995.00000, 9157, 1127
   -16605.00000,    49995.00000, 9171, 1128
   -18975.00000,    50025.00000, 9188, 1129
   -17445.00000,    50025.00000, 9197, 1130
   -16905.00000,    50025.00000, 9202, 1131
   -16365.00000,    50025.00000, 9204, 1132
   -20955.00000,    50055.00000, 9212, 1133
   -20235.00000,    50055.00000, 9213, 1134
   -19335.00000,    50055.00000, 9217, 1135
   -23265.00000,    50085.00000, 9237, 1136
   -21465.00000,    50085.00000, 9242, 1137
   -20055.00000,    50085.00000, 9245, 1138
   -18825.00000,    50085.00000, 9259, 1139
   -18585.00000,    50085.00000, 9261, 1140
   -17475.00000,    50085.00000, 9268, 1141
   -16575.00000,    50085.00000, 9274, 1142
   -21975.00000,    50115.00000, 9275, 1143
   -18435.00000,    50115.00000, 9290, 1144
   -21315.00000,    50145.00000, 9307, 1145
   -21075.00000,    50145.00000, 9308, 1146
   -20025.00000,    50145.00000, 9309, 1147
   -18615.00000,    50145.00000, 9316, 1148
   -17985.00000,    50145.00000, 9319, 1149
   -21585.00000,    50175.00000, 9333, 1150
   -21495.00000,    50175.00000, 9334, 1151
   -16845.00000,    50175.00000, 9356, 1152
   -21855.00000,    50205.00000, 9359, 1153
   -17925.00000,    50205.00000, 9375, 1154
   -17445.00000,    50205.00000, 9379, 1155
   -16665.00000,    50205.00000, 9384, 1156
   -16575.00000,    50205.00000, 9386, 1157
   -21645.00000,    50235.00000, 9388, 1158
   -19905.00000,    50235.00000, 9389, 1159
   -17535.00000,    50235.00000, 9404, 1160
   -19575.00000,    50265.00000, 9413, 1161
   -18765.00000,    50265.00000, 9419, 1162
   -17205.00000,    50265.00000, 9426, 1163
   -19695.00000,    50295.00000, 9432, 1164
   -19335.00000,    50295.00000, 9433, 1165
   -18495.00000,    50295.00000, 9442, 1166
   -17685.00000,    50295.00000, 9446, 1167
   -19875.00000,    50325.00000, 9453, 1168
   -18135.00000,    50325.00000, 9460, 1169
   -17985.00000,    50325.00000, 9461, 1170
   -21795.00000,    50355.00000, 9472, 1171
   -19215.00000,    50355.00000, 9474, 1172
   -18315.00000,    50355.00000, 9478, 1173
   -17295.00000,    50355.00000, 9481, 1174
   -19785.00000,    50385.00000, 9486, 1175
   -18615.00000,    50385.00000, 9490, 1176
   -16635.00000,    50385.00000, 9500, 1177
   -18765.00000,    50415.00000, 9503, 1178
   -18405.00000,    50445.00000, 9520, 1179
   -18525.00000,    50475.00000, 9535, 1180
   -17835.00000,    50475.00000, 9537, 1181
   -18015.00000,    50505.00000, 9547, 1182
   -17355.00000,    50505.00000, 9551, 1183
   -16785.00000,    50505.00000, 9555, 1184
   -17175.00000,    50535.00000, 9565, 1185
   -19035.00000,    50565.00000, 9569, 1186
   -17535.00000,    50565.00000, 9575, 1187
   -16995.00000,    50565.00000, 9579, 1188
   -16875.00000,    50565.00000, 9580, 1189
   -18645.00000,    50595.00000, 9583, 1190
   -17745.00000,    50595.00000, 9584, 1191
   -18825.00000,    50625.00000, 9588, 1192
   -17145.00000,    50625.00000, 9593, 1193
   -17355.00000,    50655.00000, 9595, 1194
   -17265.00000,    50655.00000, 9596, 1195
   -17535.00000,    50715.00000, 9600, 1196
