x,y,b,i,i_to,dx,deg,grad
     -31250.000,    -159900.000,          8.873,    2,    1,         14.142,       -135.000,          2.179
     -31240.000,    -159890.000,          8.872,    3,    2,         14.142,       -135.000,          1.138
     -31230.000,    -159880.000,          8.870,    4,    3,         14.142,       -135.000,          3.379
     -31220.000,    -159875.000,          8.868,    5,    4,         10.000,        -90.000,          7.818
     -31210.000,    -159870.000,          8.867,    6,    5,         14.142,       -135.000,          6.327
     -31200.000,    -159865.000,          8.865,    7,    6,         10.000,        -90.000,          4.141
     -31190.000,    -159860.000,          8.863,    8,    7,         14.142,       -135.000,          2.999
     -31180.000,    -159850.000,          8.859,    9,    8,         14.142,       -135.000,          3.770
     -31175.000,    -159840.000,          8.853,   10,    9,         10.000,       -180.000,          4.130
     -31170.000,    -159830.000,          8.849,   11,   10,         14.142,       -135.000,          4.331
     -31160.000,    -159820.000,          8.847,   12,   11,         14.142,       -135.000,          3.726
     -31155.000,    -159810.000,          8.846,   13,   12,         10.000,       -180.000,          2.571
     -31155.000,    -159800.000,          8.803,   14,   13,         10.000,       -180.000,          3.268
     -31150.000,    -159790.000,          8.802,   15,   14,         14.142,       -135.000,          4.750
     -31140.000,    -159780.000,          8.801,   16,   15,         14.142,       -135.000,          4.898
     -31130.000,    -159770.000,          8.798,   17,   16,         14.142,       -135.000,          6.823
     -31120.000,    -159760.000,          8.797,   18,   17,         14.142,       -135.000,          5.806
     -31110.000,    -159750.000,          8.795,   19,   18,         14.142,       -135.000,          4.914
     -31105.000,    -159740.000,          8.795,   20,   19,         10.000,       -180.000,          2.559
     -31100.000,    -159730.000,          8.793,   21,   20,         14.142,       -135.000,          2.947
     -31090.000,    -159720.000,          6.782,   22,   21,         14.142,       -135.000,          2.292
     -31085.000,    -159710.000,          6.773,   23,   22,         10.000,       -180.000,          1.713
     -31080.000,    -159700.000,          6.547,   24,   23,         14.142,       -135.000,          3.181
     -31070.000,    -159690.000,          6.545,   25,   24,         14.142,       -135.000,          2.110
     -31065.000,    -159680.000,          6.545,   26,   25,         10.000,       -180.000,          2.319
     -31065.000,    -159670.000,          6.542,   27,   26,         10.000,       -180.000,          4.181
     -31065.000,    -159660.000,          6.541,   28,   27,         10.000,       -180.000,          7.565
     -31065.000,    -159650.000,          6.540,   29,   28,         10.000,       -180.000,          4.648
     -31060.000,    -159640.000,          6.538,   30,   29,         14.142,       -135.000,          3.783
     -31055.000,    -159630.000,          6.537,   31,   30,         10.000,       -180.000,          3.200
     -31050.000,    -159620.000,          6.431,   32,   31,         14.142,       -135.000,          5.421
     -31040.000,    -159615.000,          6.430,   33,   32,         10.000,        -90.000,          6.136
     -31030.000,    -159610.000,          6.428,   34,   33,         14.142,       -135.000,          4.230
     -31020.000,    -159605.000,          6.425,   35,   34,         10.000,        -90.000,          4.693
     -31010.000,    -159600.000,          6.423,   36,   35,         14.142,       -135.000,          5.581
     -31000.000,    -159590.000,          6.421,   37,   36,         14.142,       -135.000,          6.006
     -30990.000,    -159580.000,          6.419,   38,   37,         14.142,       -135.000,          5.682
     -30980.000,    -159575.000,          6.419,   39,   38,         10.000,        -90.000,          3.907
     -30970.000,    -159570.000,          6.415,   40,   39,         14.142,       -135.000,          2.692
     -30960.000,    -159565.000,          6.412,   41,   40,         10.000,        -90.000,          2.348
     -30950.000,    -159560.000,          6.410,   42,   41,         14.142,       -135.000,          3.007
     -30940.000,    -159550.000,          6.408,   43,   42,         14.142,       -135.000,          3.746
     -30935.000,    -159540.000,          6.404,   44,   43,         10.000,       -180.000,          2.851
     -30930.000,    -159530.000,          6.403,   45,   44,         14.142,       -135.000,          3.395
     -30925.000,    -159520.000,          6.385,   46,   45,         10.000,       -180.000,          4.130
     -30925.000,    -159510.000,          6.381,   47,   46,         10.000,       -180.000,          3.998
     -30920.000,    -159500.000,          6.369,   48,   47,         14.142,       -135.000,          4.218
     -30910.000,    -159490.000,          6.367,   49,   48,         14.142,       -135.000,          5.059
     -30905.000,    -159480.000,          6.366,   50,   49,         10.000,       -180.000,          7.559
     -30900.000,    -159470.000,          6.365,   51,   50,         14.142,       -135.000,          3.952
     -30890.000,    -159460.000,          6.361,   52,   51,         14.142,       -135.000,          2.320
     -30880.000,    -159450.000,          6.360,   53,   52,         14.142,       -135.000,          3.003
     -30870.000,    -159445.000,          6.071,   54,   53,         10.000,        -90.000,          4.027
     -30860.000,    -159445.000,          6.070,   55,   54,         10.000,        -90.000,          5.501
     -30850.000,    -159440.000,          6.069,   56,   55,         14.142,       -135.000,          4.717
     -30840.000,    -159430.000,          6.067,   57,   56,         14.142,       -135.000,          3.452
     -30830.000,    -159420.000,          6.066,   58,   57,         14.142,       -135.000,          2.106
     -30825.000,    -159410.000,          6.037,   59,   58,         10.000,       -180.000,          3.947
     -30820.000,    -159400.000,          6.034,   60,   59,         14.142,       -135.000,          2.987
     -30815.000,    -159390.000,          6.032,   61,   60,         10.000,       -180.000,          5.006
     -30810.000,    -159380.000,          6.032,   62,   61,         14.142,       -135.000,          3.815
     -30800.000,    -159370.000,          6.029,   63,   62,         14.142,       -135.000,          4.158
     -30790.000,    -159360.000,          6.027,   64,   63,         14.142,       -135.000,          4.174
     -30780.000,    -159350.000,          6.025,   65,   64,         14.142,       -135.000,          2.470
     -30770.000,    -159340.000,          6.021,   66,   65,         14.142,       -135.000,          3.516
     -30760.000,    -159330.000,          6.019,   67,   66,         14.142,       -135.000,          4.512
     -30755.000,    -159320.000,          5.956,   68,   67,         10.000,       -180.000,          6.577
     -30755.000,    -159310.000,          5.955,   69,   68,         10.000,       -180.000,         11.282
     -30760.000,    -159300.000,          5.953,   70,   69,         14.142,       -225.000,         13.154
     -30765.000,    -159290.000,          5.951,   71,   70,         10.000,       -180.000,         23.581
     -30765.000,    -159280.000,          5.950,   72,   71,         10.000,       -180.000,         10.282
     -30760.000,    -159270.000,          5.949,   73,   72,         14.142,       -135.000,          5.842
     -30755.000,    -159260.000,          5.948,   74,   73,         10.000,       -180.000,          5.801
     -30755.000,    -159250.000,          5.946,   75,   74,         10.000,       -180.000,          7.525
     -30750.000,    -159240.000,          5.946,   76,   75,         14.142,       -135.000,          3.976
     -30745.000,    -159230.000,          5.926,   77,   76,         10.000,       -180.000,          4.420
     -30745.000,    -159220.000,          5.923,   78,   77,         10.000,       -180.000,          5.796
     -30745.000,    -159210.000,          5.922,   79,   78,         10.000,       -180.000,          5.625
     -30740.000,    -159200.000,          5.921,   80,   79,         14.142,       -135.000,          4.512
     -30735.000,    -159190.000,          5.911,   81,   80,         10.000,       -180.000,          4.568
     -30730.000,    -159180.000,          5.661,   82,   81,         14.142,       -135.000,         10.918
     -30720.000,    -159175.000,          5.660,   83,   82,         10.000,        -90.000,         10.315
     -30710.000,    -159170.000,          5.658,   84,   83,         14.142,       -135.000,         10.809
     -30700.000,    -159160.000,          5.654,   85,   84,         14.142,       -135.000,         10.151
     -30690.000,    -159150.000,          5.642,   86,   85,         14.142,       -135.000,         10.527
     -30680.000,    -159140.000,          5.640,   87,   86,         14.142,       -135.000,          9.127
     -30670.000,    -159135.000,          5.640,   88,   87,         10.000,        -90.000,          7.627
     -30660.000,    -159130.000,          5.638,   89,   88,         14.142,       -135.000,          5.128
     -30650.000,    -159120.000,          5.630,   90,   89,         14.142,       -135.000,          4.238
     -30645.000,    -159110.000,          5.000,   91,   90,         10.000,       -180.000,          6.809
     -30645.000,    -159100.000,          5.000,   92,   91,         10.000,       -180.000,          8.435
     -30650.000,    -159090.000,          5.000,   93,   92,         14.142,       -225.000,          4.649
     -30655.000,    -159080.000,          5.000,   94,   93,         10.000,       -180.000,          8.609
     -30655.000,    -159070.000,          5.000,   95,   94,         10.000,       -180.000,          7.198
     -30655.000,    -159060.000,          5.000,   96,   95,         10.000,       -180.000,          5.671
     -30655.000,    -159050.000,          5.000,   97,   96,         10.000,       -180.000,          3.394
     -30655.000,    -159040.000,          5.000,   98,   97,         10.000,       -180.000,          3.337
     -30655.000,    -159030.000,          5.000,   99,   98,         10.000,       -180.000,          7.553
     -30655.000,    -159020.000,          5.000,  100,   99,         10.000,       -180.000,          6.956
     -30655.000,    -159010.000,          5.000,  101,  100,         10.000,       -180.000,          5.943
     -30655.000,    -159000.000,          5.000,  102,  101,         10.000,       -180.000,          8.576
     -30660.000,    -158990.000,          5.000,  103,  102,         14.142,       -225.000,         14.790
     -30680.000,    -158975.000,          5.000,  104,  105,         10.000,       -270.000,         18.958
     -30670.000,    -158980.000,          5.000,  105,  103,         14.142,       -225.000,         22.449
     -30700.000,    -158965.000,          5.000,  106,  107,         10.000,       -270.000,         15.323
     -30690.000,    -158970.000,          5.000,  107,  104,         14.142,       -225.000,          6.219
     -30710.000,    -158960.000,          5.000,  108,  106,         14.142,       -225.000,          8.609
     -30720.000,    -158950.000,          5.000,  109,  108,         14.142,       -225.000,         16.886
     -30725.000,    -158940.000,          5.000,  110,  109,         10.000,       -180.000,         11.772
     -30725.000,    -158930.000,          5.000,  111,  110,         10.000,       -180.000,         18.804
     -30730.000,    -158920.000,          5.000,  112,  111,         14.142,       -225.000,         12.275
     -30735.000,    -158910.000,          5.000,  113,  112,         10.000,       -180.000,          8.598
     -30735.000,    -158900.000,          5.000,  114,  113,         10.000,       -180.000,         12.123
     -30735.000,    -158890.000,          5.000,  115,  114,         10.000,       -180.000,         11.503
     -30740.000,    -158880.000,          5.000,  116,  115,         14.142,       -225.000,          9.387
     -30745.000,    -158870.000,          5.000,  117,  116,         10.000,       -180.000,         11.761
     -30750.000,    -158860.000,          5.000,  118,  117,         14.142,       -225.000,         11.864
     -30760.000,    -158850.000,          5.000,  119,  118,         14.142,       -225.000,         15.059
     -30770.000,    -158840.000,          5.000,  120,  119,         14.142,       -225.000,         11.604
     -30775.000,    -158830.000,          5.000,  121,  120,         10.000,       -180.000,         12.926
     -30780.000,    -158820.000,          5.000,  122,  121,         14.142,       -225.000,          3.064
     -30790.000,    -158810.000,          5.000,  123,  122,         14.142,       -225.000,         13.223
     -30795.000,    -158800.000,          5.000,  124,  123,         10.000,       -180.000,         13.469
     -30795.000,    -158790.000,          5.000,  125,  124,         10.000,       -180.000,         23.248
     -30800.000,    -158780.000,          5.000,  126,  125,         14.142,       -225.000,         28.779
     -30810.000,    -158770.000,          5.000,  127,  126,         14.142,       -225.000,         28.844
     -30820.000,    -158760.000,          5.000,  128,  127,         14.142,       -225.000,         27.786
     -30830.000,    -158750.000,          5.000,  129,  128,         14.142,       -225.000,         10.186
     -30840.000,    -158740.000,          5.000,  130,  129,         14.142,       -225.000,         13.449
     -30850.000,    -158730.000,          5.000,  131,  130,         14.142,       -225.000,         12.823
     -30870.000,    -158715.000,          5.000,  132,  133,         10.000,       -270.000,          8.009
     -30860.000,    -158720.000,          5.000,  133,  131,         14.142,       -225.000,         10.237
     -30880.000,    -158710.000,          5.000,  134,  132,         14.142,       -225.000,          9.178
     -30885.000,    -158700.000,          5.000,  135,  134,         10.000,       -180.000,          9.436
     -30890.000,    -158690.000,          5.000,  136,  135,         14.142,       -225.000,          7.692
     -30900.000,    -158680.000,          5.000,  137,  136,         14.142,       -225.000,          9.939
     -30910.000,    -158670.000,          5.000,  138,  137,         14.142,       -225.000,          9.903
     -30950.000,    -158655.000,          5.000,  139,  140,         10.000,       -270.000,          6.662
     -30940.000,    -158655.000,          5.000,  140,  141,         10.000,       -270.000,          9.386
     -30930.000,    -158655.000,          5.000,  141,  142,         10.000,       -270.000,          9.670
     -30920.000,    -158660.000,          5.000,  142,  138,         14.142,       -225.000,          9.529
     -30990.000,    -158645.000,          5.000,  143,  144,         10.000,       -270.000,          5.040
     -30980.000,    -158645.000,          5.000,  144,  145,         10.000,       -270.000,          5.075
     -30970.000,    -158645.000,          5.000,  145,  146,         10.000,       -270.000,          3.690
     -30960.000,    -158650.000,          5.000,  146,  139,         14.142,       -225.000,          3.092
     -31000.000,    -158640.000,          5.000,  147,  143,         14.142,       -225.000,          2.429
     -31010.000,    -158630.000,          5.000,  148,  147,         14.142,       -225.000,          5.324
     -31015.000,    -158620.000,          5.000,  149,  148,         10.000,       -180.000,          6.289
     -31015.000,    -158610.000,          5.000,  150,  149,         10.000,       -180.000,          3.496
     -31020.000,    -158600.000,          5.000,  151,  150,         14.142,       -225.000,          4.141
     -31025.000,    -158590.000,          5.000,  152,  151,         10.000,       -180.000,          1.850
     -31025.000,    -158580.000,          5.000,  153,  152,         10.000,       -180.000,          2.062
     -31030.000,    -158570.000,          5.000,  154,  153,         14.142,       -225.000,          4.798
     -31040.000,    -158560.000,          5.000,  155,  154,         14.142,       -225.000,          9.466
     -31050.000,    -158550.000,          5.000,  156,  155,         14.142,       -225.000,          6.511
     -31060.000,    -158540.000,          5.000,  157,  156,         14.142,       -225.000,         11.004
     -31070.000,    -158530.000,          5.000,  158,  157,         14.142,       -225.000,         11.285
     -31080.000,    -158520.000,          5.000,  159,  158,         14.142,       -225.000,         11.293
     -31090.000,    -158510.000,          5.000,  160,  159,         14.142,       -225.000,          9.577
     -31100.000,    -158500.000,          5.000,  161,  160,         14.142,       -225.000,         11.938
     -31110.000,    -158490.000,          5.000,  162,  161,         14.142,       -225.000,          9.813
     -31120.000,    -158480.000,          5.000,  163,  162,         14.142,       -225.000,         10.824
     -31130.000,    -158470.000,          5.000,  164,  163,         14.142,       -225.000,          9.695
     -31140.000,    -158460.000,          5.000,  165,  164,         14.142,       -225.000,          8.169
     -31150.000,    -158450.000,          5.000,  166,  165,         14.142,       -225.000,          7.285
     -31160.000,    -158440.000,          5.000,  167,  166,         14.142,       -225.000,         10.965
     -31170.000,    -158430.000,          5.000,  168,  167,         14.142,       -225.000,         10.860
     -31220.000,    -158415.000,          5.000,  169,  170,         10.000,       -270.000,          7.621
     -31210.000,    -158415.000,          5.000,  170,  171,         10.000,       -270.000,         17.004
     -31200.000,    -158415.000,          5.000,  171,  172,         10.000,       -270.000,         15.600
     -31190.000,    -158415.000,          5.000,  172,  173,         10.000,       -270.000,         11.128
     -31180.000,    -158420.000,          5.000,  173,  168,         14.142,       -225.000,         10.072
     -31240.000,    -158405.000,          5.000,  174,  175,         10.000,       -270.000,          8.458
     -31230.000,    -158410.000,          5.000,  175,  169,         14.142,       -225.000,          3.084
     -31440.000,    -158395.000,          5.000,  176,  177,         10.000,       -270.000,         24.613
     -31430.000,    -158395.000,          5.000,  177,  178,         10.000,       -270.000,         26.730
     -31420.000,    -158395.000,          5.000,  178,  179,         10.000,       -270.000,         21.465
     -31410.000,    -158395.000,          5.000,  179,  180,         10.000,       -270.000,          9.576
     -31400.000,    -158395.000,          5.000,  180,  181,         10.000,       -270.000,          6.272
     -31390.000,    -158395.000,          5.000,  181,  182,         10.000,       -270.000,          9.509
     -31380.000,    -158395.000,          5.000,  182,  183,         10.000,       -270.000,         13.604
     -31370.000,    -158395.000,          5.000,  183,  184,         10.000,       -270.000,         18.123
     -31360.000,    -158395.000,          5.000,  184,  185,         10.000,       -270.000,         18.999
     -31350.000,    -158395.000,          5.000,  185,  186,         10.000,       -270.000,         18.371
     -31340.000,    -158395.000,          5.000,  186,  187,         10.000,       -270.000,         16.736
     -31330.000,    -158390.000,          5.000,  187,  195,         14.142,         45.000,         13.173
     -31280.000,    -158395.000,          5.000,  188,  189,         10.000,       -270.000,         11.514
     -31270.000,    -158395.000,          5.000,  189,  190,         10.000,       -270.000,         13.225
     -31260.000,    -158395.000,          5.000,  190,  191,         10.000,       -270.000,         12.112
     -31250.000,    -158400.000,          5.000,  191,  174,         14.142,       -225.000,          5.942
     -31470.000,    -158385.000,          5.000,  192,  193,         10.000,       -270.000,         16.636
     -31460.000,    -158385.000,          5.000,  193,  194,         10.000,       -270.000,         15.706
     -31450.000,    -158390.000,          5.000,  194,  176,         14.142,       -225.000,         10.343
     -31320.000,    -158385.000,          5.000,  195,  196,         10.000,       -270.000,         14.671
     -31310.000,    -158380.000,          5.000,  196,  201,         14.142,         45.000,          9.415
     -31290.000,    -158390.000,          5.000,  197,  188,         14.142,       -225.000,         13.549
     -31500.000,    -158375.000,          5.000,  198,  199,         10.000,       -270.000,         19.748
     -31490.000,    -158375.000,          5.000,  199,  200,         10.000,       -270.000,         13.051
     -31480.000,    -158380.000,          5.000,  200,  192,         14.142,       -225.000,         19.576
     -31300.000,    -158380.000,          5.000,  201,  197,         14.142,       -225.000,         11.981
     -31520.000,    -158365.000,          5.000,  202,  203,         10.000,       -270.000,         24.151
     -31510.000,    -158370.000,          5.000,  203,  198,         14.142,       -225.000,         16.130
     -31570.000,    -158355.000,          5.000,  204,  205,         10.000,       -270.000,         16.130
     -31560.000,    -158355.000,          5.000,  205,  206,         10.000,       -270.000,         20.158
     -31550.000,    -158355.000,          5.000,  206,  207,         10.000,       -270.000,         17.895
     -31540.000,    -158355.000,          5.000,  207,  208,         10.000,       -270.000,         15.589
     -31530.000,    -158360.000,          5.000,  208,  202,         14.142,       -225.000,         23.260
     -31580.000,    -158350.000,          5.000,  209,  204,         14.142,       -225.000,         14.190
     -31590.000,    -158340.000,          5.000,  210,  209,         14.142,       -225.000,         21.837
     -31600.000,    -158330.000,          5.000,  211,  210,         14.142,       -225.000,         23.948
     -31630.000,    -158315.000,          5.000,  212,  213,         10.000,       -270.000,         25.314
     -31620.000,    -158315.000,          5.000,  213,  214,         10.000,       -270.000,         24.821
     -31610.000,    -158320.000,          5.000,  214,  211,         14.142,       -225.000,         23.690
     -31650.000,    -158305.000,          5.000,  215,  216,         10.000,       -270.000,         25.319
     -31640.000,    -158310.000,          5.000,  216,  212,         14.142,       -225.000,         21.994
     -31660.000,    -158300.000,          5.000,  217,  215,         14.142,       -225.000,         24.865
     -31680.000,    -158285.000,          5.000,  218,  219,         10.000,       -270.000,         33.233
     -31670.000,    -158290.000,          5.000,  219,  217,         14.142,       -225.000,         27.177
     -31690.000,    -158280.000,          5.000,  220,  218,         14.142,       -225.000,         22.735
     -31700.000,    -158270.000,          5.000,  221,  220,         14.142,       -225.000,         19.078
     -31710.000,    -158260.000,          5.000,  222,  221,         14.142,       -225.000,         17.662
     -31715.000,    -158250.000,          5.000,  223,  222,         10.000,       -180.000,         18.650
     -31720.000,    -158240.000,          5.000,  224,  223,         14.142,       -225.000,         22.372
     -31730.000,    -158230.000,          5.000,  225,  224,         14.142,       -225.000,         27.286
     -31735.000,    -158220.000,          5.000,  226,  225,         10.000,       -180.000,         27.533
     -31740.000,    -158210.000,          5.000,  227,  226,         14.142,       -225.000,         31.263
     -31750.000,    -158200.000,          5.000,  228,  227,         14.142,       -225.000,         33.597
     -31760.000,    -158185.000,          5.000,  229,  230,         10.000,       -270.000,         29.017
     -31755.000,    -158190.000,          5.000,  230,  228,         10.000,       -180.000,         19.774
     -31770.000,    -158180.000,          5.000,  231,  229,         14.142,       -225.000,         25.456
     -31780.000,    -158170.000,          5.000,  232,  231,         14.142,       -225.000,         15.861
     -31790.000,    -158160.000,          5.000,  233,  232,         14.142,       -225.000,         16.927
     -31810.000,    -158145.000,          5.000,  234,  235,         10.000,       -270.000,         28.200
     -31800.000,    -158150.000,          5.000,  235,  233,         14.142,       -225.000,         23.615
     -31830.000,    -158135.000,          5.000,  236,  237,         10.000,       -270.000,         20.259
     -31820.000,    -158140.000,          5.000,  237,  234,         14.142,       -225.000,         16.611
     -31850.000,    -158125.000,          5.000,  238,  239,         10.000,       -270.000,         30.127
     -31840.000,    -158130.000,          5.000,  239,  236,         14.142,       -225.000,         31.875
     -31860.000,    -158120.000,          5.000,  240,  238,         14.142,       -225.000,         34.559
     -31870.000,    -158110.000,          5.000,  241,  240,         14.142,       -225.000,         35.067
     -31880.000,    -158100.000,          5.000,  242,  241,         14.142,       -225.000,         26.972
     -31890.000,    -158090.000,          5.000,  243,  242,         14.142,       -225.000,         19.752
     -31900.000,    -158080.000,          5.000,  244,  243,         14.142,       -225.000,         24.801
     -31910.000,    -158070.000,          5.000,  245,  244,         14.142,       -225.000,         33.667
     -31920.000,    -158060.000,          5.000,  246,  245,         14.142,       -225.000,         26.581
     -31930.000,    -158050.000,          5.000,  247,  246,         14.142,       -225.000,         27.523
     -31940.000,    -158040.000,          5.000,  248,  247,         14.142,       -225.000,         29.009
     -31950.000,    -158030.000,          5.000,  249,  248,         14.142,       -225.000,         31.766
     -31960.000,    -158020.000,          5.000,  250,  249,         14.142,       -225.000,         26.005
     -31980.000,    -158005.000,          5.000,  251,  252,         10.000,       -270.000,         28.004
     -31970.000,    -158010.000,          5.000,  252,  250,         14.142,       -225.000,         24.410
     -31990.000,    -158000.000,          5.000,  253,  251,         14.142,       -225.000,         29.099
     -32010.000,    -157985.000,          5.000,  254,  255,         10.000,       -270.000,         22.831
     -32000.000,    -157990.000,          5.000,  255,  253,         14.142,       -225.000,         22.845
     -32020.000,    -157980.000,          5.000,  256,  254,         14.142,       -225.000,         38.440
     -32040.000,    -157965.000,          5.000,  257,  258,         10.000,       -270.000,         28.837
     -32030.000,    -157970.000,          5.000,  258,  256,         14.142,       -225.000,         29.419
     -32060.000,    -157955.000,          5.000,  259,  260,         10.000,       -270.000,         31.182
     -32050.000,    -157960.000,          5.000,  260,  257,         14.142,       -225.000,         31.496
     -32070.000,    -157950.000,          5.000,  261,  259,         14.142,       -225.000,         33.173
     -32090.000,    -157935.000,          5.000,  262,  263,         10.000,       -270.000,         26.702
     -32080.000,    -157940.000,          5.000,  263,  261,         14.142,       -225.000,         30.055
     -32100.000,    -157930.000,          5.000,  264,  262,         14.142,       -225.000,         35.034
     -32120.000,    -157915.000,          5.000,  265,  266,         10.000,       -270.000,         34.497
     -32110.000,    -157920.000,          5.000,  266,  264,         14.142,       -225.000,         37.808
     -32130.000,    -157910.000,          5.000,  267,  265,         14.142,       -225.000,         39.836
     -32150.000,    -157895.000,          5.000,  268,  269,         10.000,       -270.000,         38.305
     -32140.000,    -157900.000,          5.000,  269,  267,         14.142,       -225.000,         38.813
     -32160.000,    -157890.000,          5.000,  270,  268,         14.142,       -225.000,         37.186
     -32170.000,    -157880.000,          5.000,  271,  270,         14.142,       -225.000,         41.776
     -32180.000,    -157870.000,          5.000,  272,  271,         14.142,       -225.000,         43.853
     -32190.000,    -157860.000,          5.000,  273,  272,         14.142,       -225.000,         35.140
     -32200.000,    -157850.000,          5.000,  274,  273,         14.142,       -225.000,         39.224
