         596
x,y,cvx,cvy,f1x,f1y,f2x,f2y,f3x,f3y,cs                                                              
      13080.000,     -12945.000,   94,    2,    0,    0,    1,    0,    0,    0,    30.000
      13320.000,     -12945.000,  102,    2,    0,    0,    1,    0,    0,    0,    30.000
      13080.000,     -12915.000,   94,    3,    0,    0,    1,    0,    0,    0,    30.000
      13080.000,     -12885.000,   94,    4,    0,    0,    1,    0,    0,    0,    30.000
      13050.000,     -12855.000,   93,    5,    0,    0,    1,    0,    0,    0,    30.000
      13050.000,     -12825.000,   93,    6,    0,    0,    1,    0,    0,    0,    30.000
      13020.000,     -12795.000,   92,    7,    0,    0,    1,    0,    0,    0,    30.000
      12990.000,     -12765.000,   91,    8,    0,    0,    1,    0,    0,    0,    30.000
      13740.000,     -12765.000,  116,    8,    0,    0,    1,    0,    0,    0,    30.000
      12480.000,     -12735.000,   74,    9,    0,    0,    1,    0,    0,    0,    30.000
      13980.000,     -12735.000,  124,    9,    0,    0,    1,    0,    0,    0,    30.000
      12360.000,     -12705.000,   70,   10,    0,    0,    1,    0,    0,    0,    30.000
      10320.000,     -12675.000,    2,   11,    0,    0,    1,    0,    0,    0,    30.000
      12240.000,     -12675.000,   66,   11,    0,    0,    1,    0,    0,    0,    30.000
      10320.000,     -12645.000,    2,   12,    0,    0,    1,    0,    0,    0,    30.000
      11580.000,     -12645.000,   44,   12,    0,    0,    1,    0,    0,    0,    30.000
      11880.000,     -12645.000,   54,   12,    0,    0,    1,    0,    0,    0,    30.000
      12240.000,     -12645.000,   66,   12,    0,    0,    1,    0,    0,    0,    30.000
      10320.000,     -12615.000,    2,   13,    0,    0,    1,    0,    0,    0,    30.000
      11250.000,     -12615.000,   33,   13,    0,    0,    1,    0,    0,    0,    30.000
      11880.000,     -12615.000,   54,   13,    0,    0,    1,    0,    0,    0,    30.000
      10350.000,     -12585.000,    3,   14,    0,    0,    1,    0,    0,    0,    30.000
      11220.000,     -12585.000,   32,   14,    0,    0,    1,    0,    0,    0,    30.000
      10380.000,     -12555.000,    4,   15,    0,    0,    1,    0,    0,    0,    30.000
      11130.000,     -12555.000,   29,   15,    0,    0,    1,    0,    0,    0,    30.000
      10380.000,     -12525.000,    4,   16,    0,    0,    1,    0,    0,    0,    30.000
      10710.000,     -12525.000,   15,   16,    0,    0,    1,    0,    0,    0,    30.000
      10860.000,     -12525.000,   20,   16,    0,    0,    1,    0,    0,    0,    30.000
      10380.000,     -12495.000,    4,   17,    0,    0,    1,    0,    0,    0,    30.000
      10410.000,     -12465.000,    5,   18,    0,    0,    1,    0,    0,    0,    30.000
      10410.000,     -12435.000,    5,   19,    0,    0,    1,    0,    0,    0,    30.000
      10380.000,     -12405.000,    4,   20,    0,    0,    1,    0,    0,    0,    30.000
      10380.000,     -12375.000,    4,   21,    0,    0,    1,    0,    0,    0,    30.000
      10380.000,     -12345.000,    4,   22,    0,    0,    1,    0,    0,    0,    30.000
      10410.000,     -12315.000,    5,   23,    0,    0,    1,    0,    0,    0,    30.000
      10560.000,     -12285.000,   10,   24,    0,    0,    1,    0,    0,    0,    30.000
      10560.000,     -12255.000,   10,   25,    0,    0,    1,    0,    0,    0,    30.000
      10590.000,     -12225.000,   11,   26,    0,    0,    1,    0,    0,    0,    30.000
      10620.000,     -12195.000,   12,   27,    0,    0,    1,    0,    0,    0,    30.000
      10680.000,     -12165.000,   14,   28,    0,    0,    1,    0,    0,    0,    30.000
      10800.000,     -12135.000,   18,   29,    0,    0,    1,    0,    0,    0,    30.000
      10800.000,     -12105.000,   18,   30,    0,    0,    1,    0,    0,    0,    30.000
      10830.000,     -12075.000,   19,   31,    0,    0,    1,    0,    0,    0,    30.000
      10860.000,     -12045.000,   20,   32,    0,    0,    1,    0,    0,    0,    30.000
      10890.000,     -12015.000,   21,   33,    0,    0,    1,    0,    0,    0,    30.000
      10890.000,     -11985.000,   21,   34,    0,    0,    1,    0,    0,    0,    30.000
      10890.000,     -11955.000,   21,   35,    0,    0,    1,    0,    0,    0,    30.000
      10920.000,     -11925.000,   22,   36,    0,    0,    1,    0,    0,    0,    30.000
      11010.000,     -11895.000,   25,   37,    0,    0,    1,    0,    0,    0,    30.000
      11010.000,     -11865.000,   25,   38,    0,    0,    1,    0,    0,    0,    30.000
      11070.000,     -11835.000,   27,   39,    0,    0,    1,    0,    0,    0,    30.000
      11160.000,     -11805.000,   30,   40,    0,    0,    1,    0,    0,    0,    30.000
      11220.000,     -11775.000,   32,   41,    0,    0,    1,    0,    0,    0,    30.000
      11370.000,     -11745.000,   37,   42,    0,    0,    1,    0,    0,    0,    30.000
      11490.000,     -11715.000,   41,   43,    0,    0,    1,    0,    0,    0,    30.000
      11490.000,     -11685.000,   41,   44,    0,    0,    1,    0,    0,    0,    30.000
      11490.000,     -11655.000,   41,   45,    0,    0,    1,    0,    0,    0,    30.000
      11550.000,     -11625.000,   43,   46,    0,    0,    1,    0,    0,    0,    30.000
      11550.000,     -11595.000,   43,   47,    0,    0,    1,    0,    0,    0,    30.000
      11580.000,     -11565.000,   44,   48,    0,    0,    1,    0,    0,    0,    30.000
      11610.000,     -11535.000,   45,   49,    0,    0,    1,    0,    0,    0,    30.000
      11640.000,     -11505.000,   46,   50,    0,    0,    1,    0,    0,    0,    30.000
      11670.000,     -11475.000,   47,   51,    0,    0,    1,    0,    0,    0,    30.000
      11700.000,     -11445.000,   48,   52,    0,    0,    1,    0,    0,    0,    30.000
      11730.000,     -11415.000,   49,   53,    0,    0,    1,    0,    0,    0,    30.000
      11760.000,     -11385.000,   50,   54,    0,    0,    1,    0,    0,    0,    30.000
      11790.000,     -11355.000,   51,   55,    0,    0,    1,    0,    0,    0,    30.000
      11850.000,     -11325.000,   53,   56,    0,    0,    1,    0,    0,    0,    30.000
      11910.000,     -11295.000,   55,   57,    0,    0,    1,    0,    0,    0,    30.000
      11940.000,     -11265.000,   56,   58,    0,    0,    1,    0,    0,    0,    30.000
      11940.000,     -11235.000,   56,   59,    0,    0,    1,    0,    0,    0,    30.000
      11940.000,     -11205.000,   56,   60,    0,    0,    1,    0,    0,    0,    30.000
      11970.000,     -11175.000,   57,   61,    0,    0,    1,    0,    0,    0,    30.000
      12030.000,     -11145.000,   59,   62,    0,    0,    1,    0,    0,    0,    30.000
      12060.000,     -11115.000,   60,   63,    0,    0,    1,    0,    0,    0,    30.000
      12120.000,     -11085.000,   62,   64,    0,    0,    1,    0,    0,    0,    30.000
      12210.000,     -11055.000,   65,   65,    0,    0,    1,    0,    0,    0,    30.000
      12210.000,     -11025.000,   65,   66,    0,    0,    1,    0,    0,    0,    30.000
      12360.000,     -10995.000,   70,   67,    0,    0,    1,    0,    0,    0,    30.000
      12360.000,     -10965.000,   70,   68,    0,    0,    1,    0,    0,    0,    30.000
      12360.000,     -10935.000,   70,   69,    0,    0,    1,    0,    0,    0,    30.000
      12360.000,     -10905.000,   70,   70,    0,    0,    1,    0,    0,    0,    30.000
      12360.000,     -10875.000,   70,   71,    0,    0,    1,    0,    0,    0,    30.000
      12360.000,     -10845.000,   70,   72,    0,    0,    1,    0,    0,    0,    30.000
      12360.000,     -10815.000,   70,   73,    0,    0,    1,    0,    0,    0,    30.000
      12360.000,     -10785.000,   70,   74,    0,    0,    1,    0,    0,    0,    30.000
      12360.000,     -10755.000,   70,   75,    0,    0,    1,    0,    0,    0,    30.000
      12360.000,     -10725.000,   70,   76,    0,    0,    1,    0,    0,    0,    30.000
      12390.000,     -10695.000,   71,   77,    0,    0,    1,    0,    0,    0,    30.000
      12390.000,     -10665.000,   71,   78,    0,    0,    1,    0,    0,    0,    30.000
      12390.000,     -10635.000,   71,   79,    0,    0,    1,    0,    0,    0,    30.000
      12360.000,     -10605.000,   70,   80,    0,    0,    1,    0,    0,    0,    30.000
      12360.000,     -10575.000,   70,   81,    0,    0,    1,    0,    0,    0,    30.000
      12360.000,     -10545.000,   70,   82,    0,    0,    1,    0,    0,    0,    30.000
      12330.000,     -10515.000,   69,   83,    0,    0,    1,    0,    0,    0,    30.000
      12300.000,     -10485.000,   68,   84,    0,    0,    1,    0,    0,    0,    30.000
      12300.000,     -10455.000,   68,   85,    0,    0,    1,    0,    0,    0,    30.000
      12270.000,     -10425.000,   67,   86,    0,    0,    1,    0,    0,    0,    30.000
      12270.000,     -10395.000,   67,   87,    0,    0,    1,    0,    0,    0,    30.000
      12270.000,     -10365.000,   67,   88,    0,    0,    1,    0,    0,    0,    30.000
      12240.000,     -10335.000,   66,   89,    0,    0,    1,    0,    0,    0,    30.000
      12240.000,     -10305.000,   66,   90,    0,    0,    1,    0,    0,    0,    30.000
      12240.000,     -10275.000,   66,   91,    0,    0,    1,    0,    0,    0,    30.000
      12240.000,     -10245.000,   66,   92,    0,    0,    1,    0,    0,    0,    30.000
      12210.000,     -10215.000,   65,   93,    0,    0,    1,    0,    0,    0,    30.000
      12180.000,     -10185.000,   64,   94,    0,    0,    1,    0,    0,    0,    30.000
      12180.000,     -10155.000,   64,   95,    0,    0,    1,    0,    0,    0,    30.000
      12180.000,     -10125.000,   64,   96,    0,    0,    1,    0,    0,    0,    30.000
      12180.000,     -10095.000,   64,   97,    0,    0,    1,    0,    0,    0,    30.000
      12180.000,     -10065.000,   64,   98,    0,    0,    1,    0,    0,    0,    30.000
      12180.000,     -10035.000,   64,   99,    0,    0,    1,    0,    0,    0,    30.000
      12180.000,     -10005.000,   64,  100,    0,    0,    1,    0,    0,    0,    30.000
      12150.000,      -9975.000,   63,  101,    0,    0,    1,    0,    0,    0,    30.000
      12120.000,      -9945.000,   62,  102,    0,    0,    1,    0,    0,    0,    30.000
      12090.000,      -9915.000,   61,  103,    0,    0,    1,    0,    0,    0,    30.000
      12030.000,      -9885.000,   59,  104,    0,    0,    1,    0,    0,    0,    30.000
      11970.000,      -9855.000,   57,  105,    0,    0,    1,    0,    0,    0,    30.000
      11940.000,      -9825.000,   56,  106,    0,    0,    1,    0,    0,    0,    30.000
      11880.000,      -9795.000,   54,  107,    0,    0,    1,    0,    0,    0,    30.000
      11850.000,      -9765.000,   53,  108,    0,    0,    1,    0,    0,    0,    30.000
      11850.000,      -9735.000,   53,  109,    0,    0,    1,    0,    0,    0,    30.000
      11850.000,      -9705.000,   53,  110,    0,    0,    1,    0,    0,    0,    30.000
      11850.000,      -9675.000,   53,  111,    0,    0,    1,    0,    0,    0,    30.000
      11850.000,      -9645.000,   53,  112,    0,    0,    1,    0,    0,    0,    30.000
      11820.000,      -9615.000,   52,  113,    0,    0,    1,    0,    0,    0,    30.000
      11820.000,      -9585.000,   52,  114,    0,    0,    1,    0,    0,    0,    30.000
      11820.000,      -9555.000,   52,  115,    0,    0,    1,    0,    0,    0,    30.000
      11820.000,      -9525.000,   52,  116,    0,    0,    1,    0,    0,    0,    30.000
      11820.000,      -9495.000,   52,  117,    0,    0,    1,    0,    0,    0,    30.000
      11790.000,      -9465.000,   51,  118,    0,    0,    1,    0,    0,    0,    30.000
      11760.000,      -9435.000,   50,  119,    0,    0,    1,    0,    0,    0,    30.000
      11730.000,      -9405.000,   49,  120,    0,    0,    1,    0,    0,    0,    30.000
      11730.000,      -9375.000,   49,  121,    0,    0,    1,    0,    0,    0,    30.000
      11760.000,      -9345.000,   50,  122,    0,    0,    1,    0,    0,    0,    30.000
      12990.000,      -9345.000,   91,  122,    0,    0,    1,    0,    0,    0,    30.000
      11760.000,      -9315.000,   50,  123,    0,    0,    1,    0,    0,    0,    30.000
      12990.000,      -9315.000,   91,  123,    0,    0,    1,    0,    0,    0,    30.000
      13500.000,      -9315.000,  108,  123,    0,    0,    1,    0,    0,    0,    30.000
      11760.000,      -9285.000,   50,  124,    0,    0,    1,    0,    0,    0,    30.000
      13200.000,      -9285.000,   98,  124,    0,    0,    1,    0,    0,    0,    30.000
      13560.000,      -9285.000,  110,  124,    0,    0,    1,    0,    0,    0,    30.000
      11760.000,      -9255.000,   50,  125,    0,    0,    1,    0,    0,    0,    30.000
      11730.000,      -9225.000,   49,  126,    0,    0,    1,    0,    0,    0,    30.000
      11730.000,      -9195.000,   49,  127,    0,    0,    1,    0,    0,    0,    30.000
      11730.000,      -9165.000,   49,  128,    0,    0,    1,    0,    0,    0,    30.000
      11730.000,      -9135.000,   49,  129,    0,    0,    1,    0,    0,    0,    30.000
      11700.000,      -9105.000,   48,  130,    0,    0,    1,    0,    0,    0,    30.000
      11700.000,      -9075.000,   48,  131,    0,    0,    1,    0,    0,    0,    30.000
      11700.000,      -9045.000,   48,  132,    0,    0,    1,    0,    0,    0,    30.000
      11670.000,      -9015.000,   47,  133,    0,    0,    1,    0,    0,    0,    30.000
      11670.000,      -8985.000,   47,  134,    0,    0,    1,    0,    0,    0,    30.000
      11670.000,      -8955.000,   47,  135,    0,    0,    1,    0,    0,    0,    30.000
      11670.000,      -8925.000,   47,  136,    0,    0,    1,    0,    0,    0,    30.000
      11670.000,      -8895.000,   47,  137,    0,    0,    1,    0,    0,    0,    30.000
      11670.000,      -8865.000,   47,  138,    0,    0,    1,    0,    0,    0,    30.000
      11670.000,      -8835.000,   47,  139,    0,    0,    1,    0,    0,    0,    30.000
      11670.000,      -8805.000,   47,  140,    0,    0,    1,    0,    0,    0,    30.000
      11670.000,      -8775.000,   47,  141,    0,    0,    1,    0,    0,    0,    30.000
      11700.000,      -8745.000,   48,  142,    0,    0,    1,    0,    0,    0,    30.000
      11700.000,      -8715.000,   48,  143,    0,    0,    1,    0,    0,    0,    30.000
      11700.000,      -8685.000,   48,  144,    0,    0,    1,    0,    0,    0,    30.000
      11640.000,      -8655.000,   46,  145,    0,    0,    1,    0,    0,    0,    30.000
      11640.000,      -8625.000,   46,  146,    0,    0,    1,    0,    0,    0,    30.000
      11640.000,      -8595.000,   46,  147,    0,    0,    1,    0,    0,    0,    30.000
      11670.000,      -8565.000,   47,  148,    0,    0,    1,    0,    0,    0,    30.000
      11640.000,      -8535.000,   46,  149,    0,    0,    1,    0,    0,    0,    30.000
      11640.000,      -8505.000,   46,  150,    0,    0,    1,    0,    0,    0,    30.000
      11640.000,      -8475.000,   46,  151,    0,    0,    1,    0,    0,    0,    30.000
      11640.000,      -8445.000,   46,  152,    0,    0,    1,    0,    0,    0,    30.000
      11640.000,      -8415.000,   46,  153,    0,    0,    1,    0,    0,    0,    30.000
      11610.000,      -8385.000,   45,  154,    0,    0,    1,    0,    0,    0,    30.000
      11610.000,      -8355.000,   45,  155,    0,    0,    1,    0,    0,    0,    30.000
      11610.000,      -8325.000,   45,  156,    0,    0,    1,    0,    0,    0,    30.000
      11550.000,      -8295.000,   43,  157,    0,    0,    1,    0,    0,    0,    30.000
      11520.000,      -8265.000,   42,  158,    0,    0,    1,    0,    0,    0,    30.000
      11520.000,      -8235.000,   42,  159,    0,    0,    1,    0,    0,    0,    30.000
      11490.000,      -8205.000,   41,  160,    0,    0,    1,    0,    0,    0,    30.000
      11460.000,      -8175.000,   40,  161,    0,    0,    1,    0,    0,    0,    30.000
      11400.000,      -8145.000,   38,  162,    0,    0,    1,    0,    0,    0,    30.000
      11370.000,      -8115.000,   37,  163,    0,    0,    1,    0,    0,    0,    30.000
      11340.000,      -8085.000,   36,  164,    0,    0,    1,    0,    0,    0,    30.000
      11340.000,      -8055.000,   36,  165,    0,    0,    1,    0,    0,    0,    30.000
      11340.000,      -8025.000,   36,  166,    0,    0,    1,    0,    0,    0,    30.000
      11310.000,      -7995.000,   35,  167,    0,    0,    1,    0,    0,    0,    30.000
      11310.000,      -7965.000,   35,  168,    0,    0,    1,    0,    0,    0,    30.000
      11280.000,      -7935.000,   34,  169,    0,    0,    1,    0,    0,    0,    30.000
      11280.000,      -7905.000,   34,  170,    0,    0,    1,    0,    0,    0,    30.000
      11280.000,      -7875.000,   34,  171,    0,    0,    1,    0,    0,    0,    30.000
      11280.000,      -7845.000,   34,  172,    0,    0,    1,    0,    0,    0,    30.000
      11280.000,      -7815.000,   34,  173,    0,    0,    1,    0,    0,    0,    30.000
      11280.000,      -7785.000,   34,  174,    0,    0,    1,    0,    0,    0,    30.000
      11280.000,      -7755.000,   34,  175,    0,    0,    1,    0,    0,    0,    30.000
      11250.000,      -7725.000,   33,  176,    0,    0,    1,    0,    0,    0,    30.000
      11250.000,      -7695.000,   33,  177,    0,    0,    1,    0,    0,    0,    30.000
      11280.000,      -7665.000,   34,  178,    0,    0,    1,    0,    0,    0,    30.000
      11310.000,      -7635.000,   35,  179,    0,    0,    1,    0,    0,    0,    30.000
      11310.000,      -7605.000,   35,  180,    0,    0,    1,    0,    0,    0,    30.000
      11340.000,      -7575.000,   36,  181,    0,    0,    1,    0,    0,    0,    30.000
      11340.000,      -7545.000,   36,  182,    0,    0,    1,    0,    0,    0,    30.000
      11340.000,      -7515.000,   36,  183,    0,    0,    1,    0,    0,    0,    30.000
      11340.000,      -7485.000,   36,  184,    0,    0,    1,    0,    0,    0,    30.000
      11340.000,      -7455.000,   36,  185,    0,    0,    1,    0,    0,    0,    30.000
      11310.000,      -7425.000,   35,  186,    0,    0,    1,    0,    0,    0,    30.000
      11310.000,      -7395.000,   35,  187,    0,    0,    1,    0,    0,    0,    30.000
      11310.000,      -7365.000,   35,  188,    0,    0,    1,    0,    0,    0,    30.000
      11310.000,      -7335.000,   35,  189,    0,    0,    1,    0,    0,    0,    30.000
      11280.000,      -7305.000,   34,  190,    0,    0,    1,    0,    0,    0,    30.000
      11280.000,      -7275.000,   34,  191,    0,    0,    1,    0,    0,    0,    30.000
      11280.000,      -7245.000,   34,  192,    0,    0,    1,    0,    0,    0,    30.000
      11310.000,      -7215.000,   35,  193,    0,    0,    1,    0,    0,    0,    30.000
      11310.000,      -7185.000,   35,  194,    0,    0,    1,    0,    0,    0,    30.000
      11310.000,      -7155.000,   35,  195,    0,    0,    1,    0,    0,    0,    30.000
      11280.000,      -7125.000,   34,  196,    0,    0,    1,    0,    0,    0,    30.000
      11310.000,      -7095.000,   35,  197,    0,    0,    1,    0,    0,    0,    30.000
      11310.000,      -7065.000,   35,  198,    0,    0,    1,    0,    0,    0,    30.000
      11310.000,      -7035.000,   35,  199,    0,    0,    1,    0,    0,    0,    30.000
      11310.000,      -7005.000,   35,  200,    0,    0,    1,    0,    0,    0,    30.000
      11310.000,      -6975.000,   35,  201,    0,    0,    1,    0,    0,    0,    30.000
      11310.000,      -6945.000,   35,  202,    0,    0,    1,    0,    0,    0,    30.000
      11340.000,      -6915.000,   36,  203,    0,    0,    1,    0,    0,    0,    30.000
      11370.000,      -6885.000,   37,  204,    0,    0,    1,    0,    0,    0,    30.000
      11400.000,      -6855.000,   38,  205,    0,    0,    1,    0,    0,    0,    30.000
      11430.000,      -6825.000,   39,  206,    0,    0,    1,    0,    0,    0,    30.000
      11460.000,      -6795.000,   40,  207,    0,    0,    1,    0,    0,    0,    30.000
      11460.000,      -6765.000,   40,  208,    0,    0,    1,    0,    0,    0,    30.000
      11460.000,      -6735.000,   40,  209,    0,    0,    1,    0,    0,    0,    30.000
      11490.000,      -6705.000,   41,  210,    0,    0,    1,    0,    0,    0,    30.000
      11520.000,      -6675.000,   42,  211,    0,    0,    1,    0,    0,    0,    30.000
      11550.000,      -6645.000,   43,  212,    0,    0,    1,    0,    0,    0,    30.000
      11550.000,      -6615.000,   43,  213,    0,    0,    1,    0,    0,    0,    30.000
      11580.000,      -6585.000,   44,  214,    0,    0,    1,    0,    0,    0,    30.000
      11580.000,      -6555.000,   44,  215,    0,    0,    1,    0,    0,    0,    30.000
      11580.000,      -6525.000,   44,  216,    0,    0,    1,    0,    0,    0,    30.000
      11580.000,      -6495.000,   44,  217,    0,    0,    1,    0,    0,    0,    30.000
      11610.000,      -6465.000,   45,  218,    0,    0,    1,    0,    0,    0,    30.000
      11610.000,      -6435.000,   45,  219,    0,    0,    1,    0,    0,    0,    30.000
      11610.000,      -6405.000,   45,  220,    0,    0,    1,    0,    0,    0,    30.000
      11610.000,      -6375.000,   45,  221,    0,    0,    1,    0,    0,    0,    30.000
      11610.000,      -6345.000,   45,  222,    0,    0,    1,    0,    0,    0,    30.000
      11640.000,      -6315.000,   46,  223,    0,    0,    1,    0,    0,    0,    30.000
      11640.000,      -6285.000,   46,  224,    0,    0,    1,    0,    0,    0,    30.000
      11640.000,      -6255.000,   46,  225,    0,    0,    1,    0,    0,    0,    30.000
      11640.000,      -6225.000,   46,  226,    0,    0,    1,    0,    0,    0,    30.000
      11640.000,      -6195.000,   46,  227,    0,    0,    1,    0,    0,    0,    30.000
      11640.000,      -6165.000,   46,  228,    0,    0,    1,    0,    0,    0,    30.000
      11610.000,      -6135.000,   45,  229,    0,    0,    1,    0,    0,    0,    30.000
      11610.000,      -6105.000,   45,  230,    0,    0,    1,    0,    0,    0,    30.000
      11580.000,      -6075.000,   44,  231,    0,    0,    1,    0,    0,    0,    30.000
      11580.000,      -6045.000,   44,  232,    0,    0,    1,    0,    0,    0,    30.000
      11580.000,      -6015.000,   44,  233,    0,    0,    1,    0,    0,    0,    30.000
      11580.000,      -5985.000,   44,  234,    0,    0,    1,    0,    0,    0,    30.000
      11550.000,      -5955.000,   43,  235,    0,    0,    1,    0,    0,    0,    30.000
      11520.000,      -5925.000,   42,  236,    0,    0,    1,    0,    0,    0,    30.000
      11550.000,      -5895.000,   43,  237,    0,    0,    1,    0,    0,    0,    30.000
      11580.000,      -5865.000,   44,  238,    0,    0,    1,    0,    0,    0,    30.000
      11610.000,      -5835.000,   45,  239,    0,    0,    1,    0,    0,    0,    30.000
      11640.000,      -5805.000,   46,  240,    0,    0,    1,    0,    0,    0,    30.000
      11640.000,      -5775.000,   46,  241,    0,    0,    1,    0,    0,    0,    30.000
      11640.000,      -5745.000,   46,  242,    0,    0,    1,    0,    0,    0,    30.000
      11610.000,      -5715.000,   45,  243,    0,    0,    1,    0,    0,    0,    30.000
      11610.000,      -5685.000,   45,  244,    0,    0,    1,    0,    0,    0,    30.000
      11580.000,      -5655.000,   44,  245,    0,    0,    1,    0,    0,    0,    30.000
      11580.000,      -5625.000,   44,  246,    0,    0,    1,    0,    0,    0,    30.000
      11580.000,      -5595.000,   44,  247,    0,    0,    1,    0,    0,    0,    30.000
      11580.000,      -5565.000,   44,  248,    0,    0,    1,    0,    0,    0,    30.000
      11580.000,      -5535.000,   44,  249,    0,    0,    1,    0,    0,    0,    30.000
      11580.000,      -5505.000,   44,  250,    0,    0,    1,    0,    0,    0,    30.000
      11580.000,      -5475.000,   44,  251,    0,    0,    1,    0,    0,    0,    30.000
      11580.000,      -5445.000,   44,  252,    0,    0,    1,    0,    0,    0,    30.000
      11580.000,      -5415.000,   44,  253,    0,    0,    1,    0,    0,    0,    30.000
      11580.000,      -5385.000,   44,  254,    0,    0,    1,    0,    0,    0,    30.000
      11580.000,      -5355.000,   44,  255,    0,    0,    1,    0,    0,    0,    30.000
      11610.000,      -5325.000,   45,  256,    0,    0,    1,    0,    0,    0,    30.000
      11640.000,      -5295.000,   46,  257,    0,    0,    1,    0,    0,    0,    30.000
      11670.000,      -5265.000,   47,  258,    0,    0,    1,    0,    0,    0,    30.000
      11670.000,      -5235.000,   47,  259,    0,    0,    1,    0,    0,    0,    30.000
      11670.000,      -5205.000,   47,  260,    0,    0,    1,    0,    0,    0,    30.000
      11670.000,      -5175.000,   47,  261,    0,    0,    1,    0,    0,    0,    30.000
      11670.000,      -5145.000,   47,  262,    0,    0,    1,    0,    0,    0,    30.000
      11700.000,      -5115.000,   48,  263,    0,    0,    1,    0,    0,    0,    30.000
      11790.000,      -5085.000,   51,  264,    0,    0,    1,    0,    0,    0,    30.000
      11820.000,      -5055.000,   52,  265,    0,    0,    1,    0,    0,    0,    30.000
      11910.000,      -5025.000,   55,  266,    0,    0,    1,    0,    0,    0,    30.000
      11910.000,      -4995.000,   55,  267,    0,    0,    1,    0,    0,    0,    30.000
      11940.000,      -4965.000,   56,  268,    0,    0,    1,    0,    0,    0,    30.000
      11970.000,      -4935.000,   57,  269,    0,    0,    1,    0,    0,    0,    30.000
      11970.000,      -4905.000,   57,  270,    0,    0,    1,    0,    0,    0,    30.000
      12000.000,      -4875.000,   58,  271,    0,    0,    1,    0,    0,    0,    30.000
      12030.000,      -4845.000,   59,  272,    0,    0,    1,    0,    0,    0,    30.000
      12090.000,      -4815.000,   61,  273,    0,    0,    1,    0,    0,    0,    30.000
      12090.000,      -4785.000,   61,  274,    0,    0,    1,    0,    0,    0,    30.000
      12150.000,      -4755.000,   63,  275,    0,    0,    1,    0,    0,    0,    30.000
      12180.000,      -4725.000,   64,  276,    0,    0,    1,    0,    0,    0,    30.000
      12180.000,      -4695.000,   64,  277,    0,    0,    1,    0,    0,    0,    30.000
      12210.000,      -4665.000,   65,  278,    0,    0,    1,    0,    0,    0,    30.000
      12240.000,      -4635.000,   66,  279,    0,    0,    1,    0,    0,    0,    30.000
      12270.000,      -4605.000,   67,  280,    0,    0,    1,    0,    0,    0,    30.000
      12300.000,      -4575.000,   68,  281,    0,    0,    1,    0,    0,    0,    30.000
      13200.000,     -12945.000,   98,    2,   -1,    0,   -1,    0,   -2,    0,    30.000
      13410.000,     -12945.000,  105,    2,   -1,    0,   -1,    0,   -2,    0,    30.000
      13500.000,     -12915.000,  108,    3,   -1,    0,   -1,    0,   -2,    0,    30.000
      13560.000,     -12885.000,  110,    4,   -1,    0,   -1,    0,   -2,    0,    30.000
      13560.000,     -12855.000,  110,    5,   -1,    0,   -1,    0,   -2,    0,    30.000
      13590.000,     -12825.000,  111,    6,   -1,    0,   -1,    0,   -2,    0,    30.000
      13620.000,     -12795.000,  112,    7,   -1,    0,   -1,    0,   -2,    0,    30.000
      13650.000,     -12765.000,  113,    8,   -1,    0,   -1,    0,   -2,    0,    30.000
      13770.000,     -12765.000,  117,    8,   -1,    0,   -1,    0,   -2,    0,    30.000
      13860.000,     -12735.000,  120,    9,   -1,    0,   -1,    0,   -2,    0,    30.000
      14100.000,     -12735.000,  128,    9,   -1,    0,   -1,    0,   -2,    0,    30.000
      14100.000,     -12705.000,  128,   10,   -1,    0,   -1,    0,   -2,    0,    30.000
      10410.000,     -12675.000,    5,   11,   -1,    0,   -1,    0,   -2,    0,    30.000
      14130.000,     -12675.000,  129,   11,   -1,    0,   -1,    0,   -2,    0,    30.000
      10440.000,     -12645.000,    6,   12,   -1,    0,   -1,    0,   -2,    0,    30.000
      11670.000,     -12645.000,   47,   12,   -1,    0,   -1,    0,   -2,    0,    30.000
      12180.000,     -12645.000,   64,   12,   -1,    0,   -1,    0,   -2,    0,    30.000
      14130.000,     -12645.000,  129,   12,   -1,    0,   -1,    0,   -2,    0,    30.000
      10500.000,     -12615.000,    8,   13,   -1,    0,   -1,    0,   -2,    0,    30.000
      11760.000,     -12615.000,   50,   13,   -1,    0,   -1,    0,   -2,    0,    30.000
      14130.000,     -12615.000,  129,   13,   -1,    0,   -1,    0,   -2,    0,    30.000
      10530.000,     -12585.000,    9,   14,   -1,    0,   -1,    0,   -2,    0,    30.000
      14160.000,     -12585.000,  130,   14,   -1,    0,   -1,    0,   -2,    0,    30.000
      10530.000,     -12555.000,    9,   15,   -1,    0,   -1,    0,   -2,    0,    30.000
      14160.000,     -12555.000,  130,   15,   -1,    0,   -1,    0,   -2,    0,    30.000
      10560.000,     -12525.000,   10,   16,   -1,    0,   -1,    0,   -2,    0,    30.000
      10830.000,     -12525.000,   19,   16,   -1,    0,   -1,    0,   -2,    0,    30.000
      14130.000,     -12525.000,  129,   16,   -1,    0,   -1,    0,   -2,    0,    30.000
      14130.000,     -12495.000,  129,   17,   -1,    0,   -1,    0,   -2,    0,    30.000
      14130.000,     -12465.000,  129,   18,   -1,    0,   -1,    0,   -2,    0,    30.000
      14130.000,     -12435.000,  129,   19,   -1,    0,   -1,    0,   -2,    0,    30.000
      14130.000,     -12405.000,  129,   20,   -1,    0,   -1,    0,   -2,    0,    30.000
      14130.000,     -12375.000,  129,   21,   -1,    0,   -1,    0,   -2,    0,    30.000
      14130.000,     -12345.000,  129,   22,   -1,    0,   -1,    0,   -2,    0,    30.000
      14130.000,     -12315.000,  129,   23,   -1,    0,   -1,    0,   -2,    0,    30.000
      14130.000,     -12285.000,  129,   24,   -1,    0,   -1,    0,   -2,    0,    30.000
      14160.000,     -12255.000,  130,   25,   -1,    0,   -1,    0,   -2,    0,    30.000
      14190.000,     -12225.000,  131,   26,   -1,    0,   -1,    0,   -2,    0,    30.000
      14220.000,     -12195.000,  132,   27,   -1,    0,   -1,    0,   -2,    0,    30.000
      14340.000,     -12165.000,  136,   28,   -1,    0,   -1,    0,   -2,    0,    30.000
      14340.000,     -12135.000,  136,   29,   -1,    0,   -1,    0,   -2,    0,    30.000
      14340.000,     -12105.000,  136,   30,   -1,    0,   -1,    0,   -2,    0,    30.000
      14340.000,     -12075.000,  136,   31,   -1,    0,   -1,    0,   -2,    0,    30.000
      14370.000,     -12045.000,  137,   32,   -1,    0,   -1,    0,   -2,    0,    30.000
      14400.000,     -12015.000,  138,   33,   -1,    0,   -1,    0,   -2,    0,    30.000
      14400.000,     -11985.000,  138,   34,   -1,    0,   -1,    0,   -2,    0,    30.000
      14430.000,     -11955.000,  139,   35,   -1,    0,   -1,    0,   -2,    0,    30.000
      14430.000,     -11925.000,  139,   36,   -1,    0,   -1,    0,   -2,    0,    30.000
      14460.000,     -11895.000,  140,   37,   -1,    0,   -1,    0,   -2,    0,    30.000
      14490.000,     -11865.000,  141,   38,   -1,    0,   -1,    0,   -2,    0,    30.000
      14490.000,     -11835.000,  141,   39,   -1,    0,   -1,    0,   -2,    0,    30.000
      14490.000,     -11805.000,  141,   40,   -1,    0,   -1,    0,   -2,    0,    30.000
      14520.000,     -11775.000,  142,   41,   -1,    0,   -1,    0,   -2,    0,    30.000
      14520.000,     -11745.000,  142,   42,   -1,    0,   -1,    0,   -2,    0,    30.000
      14550.000,     -11715.000,  143,   43,   -1,    0,   -1,    0,   -2,    0,    30.000
      14550.000,     -11685.000,  143,   44,   -1,    0,   -1,    0,   -2,    0,    30.000
      14550.000,     -11655.000,  143,   45,   -1,    0,   -1,    0,   -2,    0,    30.000
      14550.000,     -11625.000,  143,   46,   -1,    0,   -1,    0,   -2,    0,    30.000
      14550.000,     -11595.000,  143,   47,   -1,    0,   -1,    0,   -2,    0,    30.000
      14550.000,     -11565.000,  143,   48,   -1,    0,   -1,    0,   -2,    0,    30.000
      14550.000,     -11535.000,  143,   49,   -1,    0,   -1,    0,   -2,    0,    30.000
      14580.000,     -11505.000,  144,   50,   -1,    0,   -1,    0,   -2,    0,    30.000
      14580.000,     -11475.000,  144,   51,   -1,    0,   -1,    0,   -2,    0,    30.000
      14580.000,     -11445.000,  144,   52,   -1,    0,   -1,    0,   -2,    0,    30.000
      14580.000,     -11415.000,  144,   53,   -1,    0,   -1,    0,   -2,    0,    30.000
      14580.000,     -11385.000,  144,   54,   -1,    0,   -1,    0,   -2,    0,    30.000
      14580.000,     -11355.000,  144,   55,   -1,    0,   -1,    0,   -2,    0,    30.000
      14610.000,     -11325.000,  145,   56,   -1,    0,   -1,    0,   -2,    0,    30.000
      14580.000,     -11295.000,  144,   57,   -1,    0,   -1,    0,   -2,    0,    30.000
      14520.000,     -11265.000,  142,   58,   -1,    0,   -1,    0,   -2,    0,    30.000
      14520.000,     -11235.000,  142,   59,   -1,    0,   -1,    0,   -2,    0,    30.000
      14520.000,     -11205.000,  142,   60,   -1,    0,   -1,    0,   -2,    0,    30.000
      14430.000,     -11175.000,  139,   61,   -1,    0,   -1,    0,   -2,    0,    30.000
      14400.000,     -11145.000,  138,   62,   -1,    0,   -1,    0,   -2,    0,    30.000
      14400.000,     -11115.000,  138,   63,   -1,    0,   -1,    0,   -2,    0,    30.000
      14400.000,     -11085.000,  138,   64,   -1,    0,   -1,    0,   -2,    0,    30.000
      14400.000,     -11055.000,  138,   65,   -1,    0,   -1,    0,   -2,    0,    30.000
      14400.000,     -11025.000,  138,   66,   -1,    0,   -1,    0,   -2,    0,    30.000
      14400.000,     -10995.000,  138,   67,   -1,    0,   -1,    0,   -2,    0,    30.000
      14430.000,     -10965.000,  139,   68,   -1,    0,   -1,    0,   -2,    0,    30.000
      14430.000,     -10935.000,  139,   69,   -1,    0,   -1,    0,   -2,    0,    30.000
      14430.000,     -10905.000,  139,   70,   -1,    0,   -1,    0,   -2,    0,    30.000
      14460.000,     -10875.000,  140,   71,   -1,    0,   -1,    0,   -2,    0,    30.000
      14460.000,     -10845.000,  140,   72,   -1,    0,   -1,    0,   -2,    0,    30.000
      14460.000,     -10815.000,  140,   73,   -1,    0,   -1,    0,   -2,    0,    30.000
      14460.000,     -10785.000,  140,   74,   -1,    0,   -1,    0,   -2,    0,    30.000
      14460.000,     -10755.000,  140,   75,   -1,    0,   -1,    0,   -2,    0,    30.000
      14460.000,     -10725.000,  140,   76,   -1,    0,   -1,    0,   -2,    0,    30.000
      14430.000,     -10695.000,  139,   77,   -1,    0,   -1,    0,   -2,    0,    30.000
      14430.000,     -10665.000,  139,   78,   -1,    0,   -1,    0,   -2,    0,    30.000
      14430.000,     -10635.000,  139,   79,   -1,    0,   -1,    0,   -2,    0,    30.000
      14460.000,     -10605.000,  140,   80,   -1,    0,   -1,    0,   -2,    0,    30.000
      14460.000,     -10575.000,  140,   81,   -1,    0,   -1,    0,   -2,    0,    30.000
      14490.000,     -10545.000,  141,   82,   -1,    0,   -1,    0,   -2,    0,    30.000
      14490.000,     -10515.000,  141,   83,   -1,    0,   -1,    0,   -2,    0,    30.000
      14460.000,     -10485.000,  140,   84,   -1,    0,   -1,    0,   -2,    0,    30.000
      14460.000,     -10455.000,  140,   85,   -1,    0,   -1,    0,   -2,    0,    30.000
      14460.000,     -10425.000,  140,   86,   -1,    0,   -1,    0,   -2,    0,    30.000
      14460.000,     -10395.000,  140,   87,   -1,    0,   -1,    0,   -2,    0,    30.000
      14460.000,     -10365.000,  140,   88,   -1,    0,   -1,    0,   -2,    0,    30.000
      14460.000,     -10335.000,  140,   89,   -1,    0,   -1,    0,   -2,    0,    30.000
      14250.000,     -10305.000,  133,   90,   -1,    0,   -1,    0,   -2,    0,    30.000
      14160.000,     -10275.000,  130,   91,   -1,    0,   -1,    0,   -2,    0,    30.000
      14070.000,     -10245.000,  127,   92,   -1,    0,   -1,    0,   -2,    0,    30.000
      13980.000,     -10215.000,  124,   93,   -1,    0,   -1,    0,   -2,    0,    30.000
      13920.000,     -10185.000,  122,   94,   -1,    0,   -1,    0,   -2,    0,    30.000
      13920.000,     -10155.000,  122,   95,   -1,    0,   -1,    0,   -2,    0,    30.000
      13920.000,     -10125.000,  122,   96,   -1,    0,   -1,    0,   -2,    0,    30.000
      13920.000,     -10095.000,  122,   97,   -1,    0,   -1,    0,   -2,    0,    30.000
      13950.000,     -10065.000,  123,   98,   -1,    0,   -1,    0,   -2,    0,    30.000
      13950.000,     -10035.000,  123,   99,   -1,    0,   -1,    0,   -2,    0,    30.000
      13950.000,     -10005.000,  123,  100,   -1,    0,   -1,    0,   -2,    0,    30.000
      13950.000,      -9975.000,  123,  101,   -1,    0,   -1,    0,   -2,    0,    30.000
      13950.000,      -9945.000,  123,  102,   -1,    0,   -1,    0,   -2,    0,    30.000
      13950.000,      -9915.000,  123,  103,   -1,    0,   -1,    0,   -2,    0,    30.000
      13890.000,      -9885.000,  121,  104,   -1,    0,   -1,    0,   -2,    0,    30.000
      13860.000,      -9855.000,  120,  105,   -1,    0,   -1,    0,   -2,    0,    30.000
      13860.000,      -9825.000,  120,  106,   -1,    0,   -1,    0,   -2,    0,    30.000
      13860.000,      -9795.000,  120,  107,   -1,    0,   -1,    0,   -2,    0,    30.000
      13830.000,      -9765.000,  119,  108,   -1,    0,   -1,    0,   -2,    0,    30.000
      13800.000,      -9735.000,  118,  109,   -1,    0,   -1,    0,   -2,    0,    30.000
      13800.000,      -9705.000,  118,  110,   -1,    0,   -1,    0,   -2,    0,    30.000
      13830.000,      -9675.000,  119,  111,   -1,    0,   -1,    0,   -2,    0,    30.000
      13860.000,      -9645.000,  120,  112,   -1,    0,   -1,    0,   -2,    0,    30.000
      13830.000,      -9615.000,  119,  113,   -1,    0,   -1,    0,   -2,    0,    30.000
      13830.000,      -9585.000,  119,  114,   -1,    0,   -1,    0,   -2,    0,    30.000
      13830.000,      -9555.000,  119,  115,   -1,    0,   -1,    0,   -2,    0,    30.000
      13830.000,      -9525.000,  119,  116,   -1,    0,   -1,    0,   -2,    0,    30.000
      13800.000,      -9495.000,  118,  117,   -1,    0,   -1,    0,   -2,    0,    30.000
      13770.000,      -9465.000,  117,  118,   -1,    0,   -1,    0,   -2,    0,    30.000
      13770.000,      -9435.000,  117,  119,   -1,    0,   -1,    0,   -2,    0,    30.000
      13770.000,      -9405.000,  117,  120,   -1,    0,   -1,    0,   -2,    0,    30.000
      13770.000,      -9375.000,  117,  121,   -1,    0,   -1,    0,   -2,    0,    30.000
      12900.000,      -9345.000,   88,  122,   -1,    0,   -1,    0,   -2,    0,    30.000
      13710.000,      -9345.000,  115,  122,   -1,    0,   -1,    0,   -2,    0,    30.000
      12870.000,      -9315.000,   87,  123,   -1,    0,   -1,    0,   -2,    0,    30.000
      13260.000,      -9315.000,  100,  123,   -1,    0,   -1,    0,   -2,    0,    30.000
      13650.000,      -9315.000,  113,  123,   -1,    0,   -1,    0,   -2,    0,    30.000
      12720.000,      -9285.000,   82,  124,   -1,    0,   -1,    0,   -2,    0,    30.000
      13230.000,      -9285.000,   99,  124,   -1,    0,   -1,    0,   -2,    0,    30.000
      13650.000,      -9285.000,  113,  124,   -1,    0,   -1,    0,   -2,    0,    30.000
      12660.000,      -9255.000,   80,  125,   -1,    0,   -1,    0,   -2,    0,    30.000
      12630.000,      -9225.000,   79,  126,   -1,    0,   -1,    0,   -2,    0,    30.000
      12630.000,      -9195.000,   79,  127,   -1,    0,   -1,    0,   -2,    0,    30.000
      12630.000,      -9165.000,   79,  128,   -1,    0,   -1,    0,   -2,    0,    30.000
      12630.000,      -9135.000,   79,  129,   -1,    0,   -1,    0,   -2,    0,    30.000
      12600.000,      -9105.000,   78,  130,   -1,    0,   -1,    0,   -2,    0,    30.000
      12570.000,      -9075.000,   77,  131,   -1,    0,   -1,    0,   -2,    0,    30.000
      12600.000,      -9045.000,   78,  132,   -1,    0,   -1,    0,   -2,    0,    30.000
      12600.000,      -9015.000,   78,  133,   -1,    0,   -1,    0,   -2,    0,    30.000
      12600.000,      -8985.000,   78,  134,   -1,    0,   -1,    0,   -2,    0,    30.000
      12570.000,      -8955.000,   77,  135,   -1,    0,   -1,    0,   -2,    0,    30.000
      12600.000,      -8925.000,   78,  136,   -1,    0,   -1,    0,   -2,    0,    30.000
      12600.000,      -8895.000,   78,  137,   -1,    0,   -1,    0,   -2,    0,    30.000
      12600.000,      -8865.000,   78,  138,   -1,    0,   -1,    0,   -2,    0,    30.000
      12570.000,      -8835.000,   77,  139,   -1,    0,   -1,    0,   -2,    0,    30.000
      12510.000,      -8805.000,   75,  140,   -1,    0,   -1,    0,   -2,    0,    30.000
      12510.000,      -8775.000,   75,  141,   -1,    0,   -1,    0,   -2,    0,    30.000
      12480.000,      -8745.000,   74,  142,   -1,    0,   -1,    0,   -2,    0,    30.000
      12480.000,      -8715.000,   74,  143,   -1,    0,   -1,    0,   -2,    0,    30.000
      12480.000,      -8685.000,   74,  144,   -1,    0,   -1,    0,   -2,    0,    30.000
      12450.000,      -8655.000,   73,  145,   -1,    0,   -1,    0,   -2,    0,    30.000
      12420.000,      -8625.000,   72,  146,   -1,    0,   -1,    0,   -2,    0,    30.000
      12390.000,      -8595.000,   71,  147,   -1,    0,   -1,    0,   -2,    0,    30.000
      12330.000,      -8565.000,   69,  148,   -1,    0,   -1,    0,   -2,    0,    30.000
      12330.000,      -8535.000,   69,  149,   -1,    0,   -1,    0,   -2,    0,    30.000
      12300.000,      -8505.000,   68,  150,   -1,    0,   -1,    0,   -2,    0,    30.000
      12300.000,      -8475.000,   68,  151,   -1,    0,   -1,    0,   -2,    0,    30.000
      12270.000,      -8445.000,   67,  152,   -1,    0,   -1,    0,   -2,    0,    30.000
      12270.000,      -8415.000,   67,  153,   -1,    0,   -1,    0,   -2,    0,    30.000
      12270.000,      -8385.000,   67,  154,   -1,    0,   -1,    0,   -2,    0,    30.000
      12240.000,      -8355.000,   66,  155,   -1,    0,   -1,    0,   -2,    0,    30.000
      12240.000,      -8325.000,   66,  156,   -1,    0,   -1,    0,   -2,    0,    30.000
      12210.000,      -8295.000,   65,  157,   -1,    0,   -1,    0,   -2,    0,    30.000
      12210.000,      -8265.000,   65,  158,   -1,    0,   -1,    0,   -2,    0,    30.000
      12210.000,      -8235.000,   65,  159,   -1,    0,   -1,    0,   -2,    0,    30.000
      12210.000,      -8205.000,   65,  160,   -1,    0,   -1,    0,   -2,    0,    30.000
      12180.000,      -8175.000,   64,  161,   -1,    0,   -1,    0,   -2,    0,    30.000
      12180.000,      -8145.000,   64,  162,   -1,    0,   -1,    0,   -2,    0,    30.000
      12180.000,      -8115.000,   64,  163,   -1,    0,   -1,    0,   -2,    0,    30.000
      12180.000,      -8085.000,   64,  164,   -1,    0,   -1,    0,   -2,    0,    30.000
      12180.000,      -8055.000,   64,  165,   -1,    0,   -1,    0,   -2,    0,    30.000
      12150.000,      -8025.000,   63,  166,   -1,    0,   -1,    0,   -2,    0,    30.000
      12180.000,      -7995.000,   64,  167,   -1,    0,   -1,    0,   -2,    0,    30.000
      12180.000,      -7965.000,   64,  168,   -1,    0,   -1,    0,   -2,    0,    30.000
      12180.000,      -7935.000,   64,  169,   -1,    0,   -1,    0,   -2,    0,    30.000
      12180.000,      -7905.000,   64,  170,   -1,    0,   -1,    0,   -2,    0,    30.000
      12210.000,      -7875.000,   65,  171,   -1,    0,   -1,    0,   -2,    0,    30.000
      12180.000,      -7845.000,   64,  172,   -1,    0,   -1,    0,   -2,    0,    30.000
      12150.000,      -7815.000,   63,  173,   -1,    0,   -1,    0,   -2,    0,    30.000
      12150.000,      -7785.000,   63,  174,   -1,    0,   -1,    0,   -2,    0,    30.000
      12120.000,      -7755.000,   62,  175,   -1,    0,   -1,    0,   -2,    0,    30.000
      12150.000,      -7725.000,   63,  176,   -1,    0,   -1,    0,   -2,    0,    30.000
      12150.000,      -7695.000,   63,  177,   -1,    0,   -1,    0,   -2,    0,    30.000
      12150.000,      -7665.000,   63,  178,   -1,    0,   -1,    0,   -2,    0,    30.000
      12150.000,      -7635.000,   63,  179,   -1,    0,   -1,    0,   -2,    0,    30.000
      12150.000,      -7605.000,   63,  180,   -1,    0,   -1,    0,   -2,    0,    30.000
      12180.000,      -7575.000,   64,  181,   -1,    0,   -1,    0,   -2,    0,    30.000
      12180.000,      -7545.000,   64,  182,   -1,    0,   -1,    0,   -2,    0,    30.000
      12150.000,      -7515.000,   63,  183,   -1,    0,   -1,    0,   -2,    0,    30.000
      12120.000,      -7485.000,   62,  184,   -1,    0,   -1,    0,   -2,    0,    30.000
      12120.000,      -7455.000,   62,  185,   -1,    0,   -1,    0,   -2,    0,    30.000
      12120.000,      -7425.000,   62,  186,   -1,    0,   -1,    0,   -2,    0,    30.000
      12090.000,      -7395.000,   61,  187,   -1,    0,   -1,    0,   -2,    0,    30.000
      12090.000,      -7365.000,   61,  188,   -1,    0,   -1,    0,   -2,    0,    30.000
      12090.000,      -7335.000,   61,  189,   -1,    0,   -1,    0,   -2,    0,    30.000
      12090.000,      -7305.000,   61,  190,   -1,    0,   -1,    0,   -2,    0,    30.000
      12090.000,      -7275.000,   61,  191,   -1,    0,   -1,    0,   -2,    0,    30.000
      12090.000,      -7245.000,   61,  192,   -1,    0,   -1,    0,   -2,    0,    30.000
      12090.000,      -7215.000,   61,  193,   -1,    0,   -1,    0,   -2,    0,    30.000
      12090.000,      -7185.000,   61,  194,   -1,    0,   -1,    0,   -2,    0,    30.000
      12090.000,      -7155.000,   61,  195,   -1,    0,   -1,    0,   -2,    0,    30.000
      12090.000,      -7125.000,   61,  196,   -1,    0,   -1,    0,   -2,    0,    30.000
      12090.000,      -7095.000,   61,  197,   -1,    0,   -1,    0,   -2,    0,    30.000
      12090.000,      -7065.000,   61,  198,   -1,    0,   -1,    0,   -2,    0,    30.000
      12090.000,      -7035.000,   61,  199,   -1,    0,   -1,    0,   -2,    0,    30.000
      12090.000,      -7005.000,   61,  200,   -1,    0,   -1,    0,   -2,    0,    30.000
      12090.000,      -6975.000,   61,  201,   -1,    0,   -1,    0,   -2,    0,    30.000
      12090.000,      -6945.000,   61,  202,   -1,    0,   -1,    0,   -2,    0,    30.000
      12120.000,      -6915.000,   62,  203,   -1,    0,   -1,    0,   -2,    0,    30.000
      12120.000,      -6885.000,   62,  204,   -1,    0,   -1,    0,   -2,    0,    30.000
      12120.000,      -6855.000,   62,  205,   -1,    0,   -1,    0,   -2,    0,    30.000
      12150.000,      -6825.000,   63,  206,   -1,    0,   -1,    0,   -2,    0,    30.000
      12150.000,      -6795.000,   63,  207,   -1,    0,   -1,    0,   -2,    0,    30.000
      12120.000,      -6765.000,   62,  208,   -1,    0,   -1,    0,   -2,    0,    30.000
      12120.000,      -6735.000,   62,  209,   -1,    0,   -1,    0,   -2,    0,    30.000
      12150.000,      -6705.000,   63,  210,   -1,    0,   -1,    0,   -2,    0,    30.000
      12150.000,      -6675.000,   63,  211,   -1,    0,   -1,    0,   -2,    0,    30.000
      12150.000,      -6645.000,   63,  212,   -1,    0,   -1,    0,   -2,    0,    30.000
      12120.000,      -6615.000,   62,  213,   -1,    0,   -1,    0,   -2,    0,    30.000
      12090.000,      -6585.000,   61,  214,   -1,    0,   -1,    0,   -2,    0,    30.000
      12090.000,      -6555.000,   61,  215,   -1,    0,   -1,    0,   -2,    0,    30.000
      12090.000,      -6525.000,   61,  216,   -1,    0,   -1,    0,   -2,    0,    30.000
      12090.000,      -6495.000,   61,  217,   -1,    0,   -1,    0,   -2,    0,    30.000
      12090.000,      -6465.000,   61,  218,   -1,    0,   -1,    0,   -2,    0,    30.000
      12090.000,      -6435.000,   61,  219,   -1,    0,   -1,    0,   -2,    0,    30.000
      12090.000,      -6405.000,   61,  220,   -1,    0,   -1,    0,   -2,    0,    30.000
      12090.000,      -6375.000,   61,  221,   -1,    0,   -1,    0,   -2,    0,    30.000
      12090.000,      -6345.000,   61,  222,   -1,    0,   -1,    0,   -2,    0,    30.000
      12090.000,      -6315.000,   61,  223,   -1,    0,   -1,    0,   -2,    0,    30.000
      12090.000,      -6285.000,   61,  224,   -1,    0,   -1,    0,   -2,    0,    30.000
      12090.000,      -6255.000,   61,  225,   -1,    0,   -1,    0,   -2,    0,    30.000
      12060.000,      -6225.000,   60,  226,   -1,    0,   -1,    0,   -2,    0,    30.000
      12030.000,      -6195.000,   59,  227,   -1,    0,   -1,    0,   -2,    0,    30.000
      12060.000,      -6165.000,   60,  228,   -1,    0,   -1,    0,   -2,    0,    30.000
      12060.000,      -6135.000,   60,  229,   -1,    0,   -1,    0,   -2,    0,    30.000
      12060.000,      -6105.000,   60,  230,   -1,    0,   -1,    0,   -2,    0,    30.000
      12060.000,      -6075.000,   60,  231,   -1,    0,   -1,    0,   -2,    0,    30.000
      12060.000,      -6045.000,   60,  232,   -1,    0,   -1,    0,   -2,    0,    30.000
      12090.000,      -6015.000,   61,  233,   -1,    0,   -1,    0,   -2,    0,    30.000
      12090.000,      -5985.000,   61,  234,   -1,    0,   -1,    0,   -2,    0,    30.000
      12120.000,      -5955.000,   62,  235,   -1,    0,   -1,    0,   -2,    0,    30.000
      12150.000,      -5925.000,   63,  236,   -1,    0,   -1,    0,   -2,    0,    30.000
      12180.000,      -5895.000,   64,  237,   -1,    0,   -1,    0,   -2,    0,    30.000
      12180.000,      -5865.000,   64,  238,   -1,    0,   -1,    0,   -2,    0,    30.000
      12210.000,      -5835.000,   65,  239,   -1,    0,   -1,    0,   -2,    0,    30.000
      12210.000,      -5805.000,   65,  240,   -1,    0,   -1,    0,   -2,    0,    30.000
      12210.000,      -5775.000,   65,  241,   -1,    0,   -1,    0,   -2,    0,    30.000
      12210.000,      -5745.000,   65,  242,   -1,    0,   -1,    0,   -2,    0,    30.000
      12240.000,      -5715.000,   66,  243,   -1,    0,   -1,    0,   -2,    0,    30.000
      12270.000,      -5685.000,   67,  244,   -1,    0,   -1,    0,   -2,    0,    30.000
      12270.000,      -5655.000,   67,  245,   -1,    0,   -1,    0,   -2,    0,    30.000
      12270.000,      -5625.000,   67,  246,   -1,    0,   -1,    0,   -2,    0,    30.000
      12270.000,      -5595.000,   67,  247,   -1,    0,   -1,    0,   -2,    0,    30.000
      12270.000,      -5565.000,   67,  248,   -1,    0,   -1,    0,   -2,    0,    30.000
      12270.000,      -5535.000,   67,  249,   -1,    0,   -1,    0,   -2,    0,    30.000
      12270.000,      -5505.000,   67,  250,   -1,    0,   -1,    0,   -2,    0,    30.000
      12270.000,      -5475.000,   67,  251,   -1,    0,   -1,    0,   -2,    0,    30.000
      12240.000,      -5445.000,   66,  252,   -1,    0,   -1,    0,   -2,    0,    30.000
      12240.000,      -5415.000,   66,  253,   -1,    0,   -1,    0,   -2,    0,    30.000
      12270.000,      -5385.000,   67,  254,   -1,    0,   -1,    0,   -2,    0,    30.000
      12270.000,      -5355.000,   67,  255,   -1,    0,   -1,    0,   -2,    0,    30.000
      12270.000,      -5325.000,   67,  256,   -1,    0,   -1,    0,   -2,    0,    30.000
      12270.000,      -5295.000,   67,  257,   -1,    0,   -1,    0,   -2,    0,    30.000
      12270.000,      -5265.000,   67,  258,   -1,    0,   -1,    0,   -2,    0,    30.000
      12300.000,      -5235.000,   68,  259,   -1,    0,   -1,    0,   -2,    0,    30.000
      12300.000,      -5205.000,   68,  260,   -1,    0,   -1,    0,   -2,    0,    30.000
      12300.000,      -5175.000,   68,  261,   -1,    0,   -1,    0,   -2,    0,    30.000
      12300.000,      -5145.000,   68,  262,   -1,    0,   -1,    0,   -2,    0,    30.000
      12300.000,      -5115.000,   68,  263,   -1,    0,   -1,    0,   -2,    0,    30.000
      12300.000,      -5085.000,   68,  264,   -1,    0,   -1,    0,   -2,    0,    30.000
      12300.000,      -5055.000,   68,  265,   -1,    0,   -1,    0,   -2,    0,    30.000
      12300.000,      -5025.000,   68,  266,   -1,    0,   -1,    0,   -2,    0,    30.000
      12270.000,      -4995.000,   67,  267,   -1,    0,   -1,    0,   -2,    0,    30.000
      12270.000,      -4965.000,   67,  268,   -1,    0,   -1,    0,   -2,    0,    30.000
      12300.000,      -4935.000,   68,  269,   -1,    0,   -1,    0,   -2,    0,    30.000
      12300.000,      -4905.000,   68,  270,   -1,    0,   -1,    0,   -2,    0,    30.000
      12300.000,      -4875.000,   68,  271,   -1,    0,   -1,    0,   -2,    0,    30.000
      12330.000,      -4845.000,   69,  272,   -1,    0,   -1,    0,   -2,    0,    30.000
      12330.000,      -4815.000,   69,  273,   -1,    0,   -1,    0,   -2,    0,    30.000
      12360.000,      -4785.000,   70,  274,   -1,    0,   -1,    0,   -2,    0,    30.000
      12390.000,      -4755.000,   71,  275,   -1,    0,   -1,    0,   -2,    0,    30.000
      12390.000,      -4725.000,   71,  276,   -1,    0,   -1,    0,   -2,    0,    30.000
      12420.000,      -4695.000,   72,  277,   -1,    0,   -1,    0,   -2,    0,    30.000
      12420.000,      -4665.000,   72,  278,   -1,    0,   -1,    0,   -2,    0,    30.000
      12420.000,      -4635.000,   72,  279,   -1,    0,   -1,    0,   -2,    0,    30.000
      12390.000,      -4605.000,   71,  280,   -1,    0,   -1,    0,   -2,    0,    30.000
      12360.000,      -4575.000,   70,  281,   -1,    0,   -1,    0,   -2,    0,    30.000
