         568
x,y,cvx,cvy,f1x,f1y,f2x,f2y,f3x,f3y,cs                                                              
     -31200.000,    -160015.000,  122,    2,    0,    0,    1,    0,    0,    0,    10.000
     -31220.000,    -160005.000,  120,    3,    0,    0,    1,    0,    0,    0,    10.000
     -31220.000,    -159995.000,  120,    4,    0,    0,    1,    0,    0,    0,    10.000
     -31230.000,    -159985.000,  119,    5,    0,    0,    1,    0,    0,    0,    10.000
     -31230.000,    -159975.000,  119,    6,    0,    0,    1,    0,    0,    0,    10.000
     -31230.000,    -159965.000,  119,    7,    0,    0,    1,    0,    0,    0,    10.000
     -31230.000,    -159955.000,  119,    8,    0,    0,    1,    0,    0,    0,    10.000
     -31240.000,    -159945.000,  118,    9,    0,    0,    1,    0,    0,    0,    10.000
     -31260.000,    -159935.000,  116,   10,    0,    0,    1,    0,    0,    0,    10.000
     -31250.000,    -159925.000,  117,   11,    0,    0,    1,    0,    0,    0,    10.000
     -31260.000,    -159915.000,  116,   12,    0,    0,    1,    0,    0,    0,    10.000
     -31260.000,    -159905.000,  116,   13,    0,    0,    1,    0,    0,    0,    10.000
     -31270.000,    -159895.000,  115,   14,    0,    0,    1,    0,    0,    0,    10.000
     -31260.000,    -159885.000,  116,   15,    0,    0,    1,    0,    0,    0,    10.000
     -31250.000,    -159875.000,  117,   16,    0,    0,    1,    0,    0,    0,    10.000
     -31250.000,    -159865.000,  117,   17,    0,    0,    1,    0,    0,    0,    10.000
     -31250.000,    -159855.000,  117,   18,    0,    0,    1,    0,    0,    0,    10.000
     -31250.000,    -159845.000,  117,   19,    0,    0,    1,    0,    0,    0,    10.000
     -31250.000,    -159835.000,  117,   20,    0,    0,    1,    0,    0,    0,    10.000
     -31260.000,    -159825.000,  116,   21,    0,    0,    1,    0,    0,    0,    10.000
     -31260.000,    -159815.000,  116,   22,    0,    0,    1,    0,    0,    0,    10.000
     -31260.000,    -159805.000,  116,   23,    0,    0,    1,    0,    0,    0,    10.000
     -31260.000,    -159795.000,  116,   24,    0,    0,    1,    0,    0,    0,    10.000
     -31260.000,    -159785.000,  116,   25,    0,    0,    1,    0,    0,    0,    10.000
     -31260.000,    -159775.000,  116,   26,    0,    0,    1,    0,    0,    0,    10.000
     -31260.000,    -159765.000,  116,   27,    0,    0,    1,    0,    0,    0,    10.000
     -31260.000,    -159755.000,  116,   28,    0,    0,    1,    0,    0,    0,    10.000
     -31260.000,    -159745.000,  116,   29,    0,    0,    1,    0,    0,    0,    10.000
     -31250.000,    -159735.000,  117,   30,    0,    0,    1,    0,    0,    0,    10.000
     -31240.000,    -159725.000,  118,   31,    0,    0,    1,    0,    0,    0,    10.000
     -31250.000,    -159715.000,  117,   32,    0,    0,    1,    0,    0,    0,    10.000
     -31250.000,    -159705.000,  117,   33,    0,    0,    1,    0,    0,    0,    10.000
     -30730.000,    -159705.000,  169,   33,    0,    0,    1,    0,    0,    0,    10.000
     -31260.000,    -159695.000,  116,   34,    0,    0,    1,    0,    0,    0,    10.000
     -30740.000,    -159695.000,  168,   34,    0,    0,    1,    0,    0,    0,    10.000
     -31260.000,    -159685.000,  116,   35,    0,    0,    1,    0,    0,    0,    10.000
     -30760.000,    -159685.000,  166,   35,    0,    0,    1,    0,    0,    0,    10.000
     -31260.000,    -159675.000,  116,   36,    0,    0,    1,    0,    0,    0,    10.000
     -30770.000,    -159675.000,  165,   36,    0,    0,    1,    0,    0,    0,    10.000
     -31260.000,    -159665.000,  116,   37,    0,    0,    1,    0,    0,    0,    10.000
     -31260.000,    -159655.000,  116,   38,    0,    0,    1,    0,    0,    0,    10.000
     -31260.000,    -159645.000,  116,   39,    0,    0,    1,    0,    0,    0,    10.000
     -31270.000,    -159635.000,  115,   40,    0,    0,    1,    0,    0,    0,    10.000
     -31280.000,    -159625.000,  114,   41,    0,    0,    1,    0,    0,    0,    10.000
     -31280.000,    -159615.000,  114,   42,    0,    0,    1,    0,    0,    0,    10.000
     -31290.000,    -159605.000,  113,   43,    0,    0,    1,    0,    0,    0,    10.000
     -31290.000,    -159595.000,  113,   44,    0,    0,    1,    0,    0,    0,    10.000
     -31290.000,    -159585.000,  113,   45,    0,    0,    1,    0,    0,    0,    10.000
     -31290.000,    -159575.000,  113,   46,    0,    0,    1,    0,    0,    0,    10.000
     -31280.000,    -159565.000,  114,   47,    0,    0,    1,    0,    0,    0,    10.000
     -31280.000,    -159555.000,  114,   48,    0,    0,    1,    0,    0,    0,    10.000
     -31280.000,    -159545.000,  114,   49,    0,    0,    1,    0,    0,    0,    10.000
     -31280.000,    -159535.000,  114,   50,    0,    0,    1,    0,    0,    0,    10.000
     -31280.000,    -159525.000,  114,   51,    0,    0,    1,    0,    0,    0,    10.000
     -31260.000,    -159515.000,  116,   52,    0,    0,    1,    0,    0,    0,    10.000
     -31260.000,    -159505.000,  116,   53,    0,    0,    1,    0,    0,    0,    10.000
     -31260.000,    -159495.000,  116,   54,    0,    0,    1,    0,    0,    0,    10.000
     -31260.000,    -159485.000,  116,   55,    0,    0,    1,    0,    0,    0,    10.000
     -31250.000,    -159475.000,  117,   56,    0,    0,    1,    0,    0,    0,    10.000
     -30410.000,    -159475.000,  201,   56,    0,    0,    1,    0,    0,    0,    10.000
     -31250.000,    -159465.000,  117,   57,    0,    0,    1,    0,    0,    0,    10.000
     -31250.000,    -159455.000,  117,   58,    0,    0,    1,    0,    0,    0,    10.000
     -31250.000,    -159445.000,  117,   59,    0,    0,    1,    0,    0,    0,    10.000
     -31250.000,    -159435.000,  117,   60,    0,    0,    1,    0,    0,    0,    10.000
     -31250.000,    -159425.000,  117,   61,    0,    0,    1,    0,    0,    0,    10.000
     -31240.000,    -159415.000,  118,   62,    0,    0,    1,    0,    0,    0,    10.000
     -31240.000,    -159405.000,  118,   63,    0,    0,    1,    0,    0,    0,    10.000
     -31240.000,    -159395.000,  118,   64,    0,    0,    1,    0,    0,    0,    10.000
     -31230.000,    -159385.000,  119,   65,    0,    0,    1,    0,    0,    0,    10.000
     -31220.000,    -159375.000,  120,   66,    0,    0,    1,    0,    0,    0,    10.000
     -31220.000,    -159365.000,  120,   67,    0,    0,    1,    0,    0,    0,    10.000
     -31220.000,    -159355.000,  120,   68,    0,    0,    1,    0,    0,    0,    10.000
     -31220.000,    -159345.000,  120,   69,    0,    0,    1,    0,    0,    0,    10.000
     -31220.000,    -159335.000,  120,   70,    0,    0,    1,    0,    0,    0,    10.000
     -31220.000,    -159325.000,  120,   71,    0,    0,    1,    0,    0,    0,    10.000
     -31220.000,    -159315.000,  120,   72,    0,    0,    1,    0,    0,    0,    10.000
     -31220.000,    -159305.000,  120,   73,    0,    0,    1,    0,    0,    0,    10.000
     -31220.000,    -159295.000,  120,   74,    0,    0,    1,    0,    0,    0,    10.000
     -31220.000,    -159285.000,  120,   75,    0,    0,    1,    0,    0,    0,    10.000
     -30230.000,    -159285.000,  219,   75,    0,    0,    1,    0,    0,    0,    10.000
     -31230.000,    -159275.000,  119,   76,    0,    0,    1,    0,    0,    0,    10.000
     -30190.000,    -159275.000,  223,   76,    0,    0,    1,    0,    0,    0,    10.000
     -31230.000,    -159265.000,  119,   77,    0,    0,    1,    0,    0,    0,    10.000
     -31240.000,    -159255.000,  118,   78,    0,    0,    1,    0,    0,    0,    10.000
     -31240.000,    -159245.000,  118,   79,    0,    0,    1,    0,    0,    0,    10.000
     -31240.000,    -159235.000,  118,   80,    0,    0,    1,    0,    0,    0,    10.000
     -31240.000,    -159225.000,  118,   81,    0,    0,    1,    0,    0,    0,    10.000
     -31240.000,    -159215.000,  118,   82,    0,    0,    1,    0,    0,    0,    10.000
     -31240.000,    -159205.000,  118,   83,    0,    0,    1,    0,    0,    0,    10.000
     -31240.000,    -159195.000,  118,   84,    0,    0,    1,    0,    0,    0,    10.000
     -31240.000,    -159185.000,  118,   85,    0,    0,    1,    0,    0,    0,    10.000
     -31240.000,    -159175.000,  118,   86,    0,    0,    1,    0,    0,    0,    10.000
     -31240.000,    -159165.000,  118,   87,    0,    0,    1,    0,    0,    0,    10.000
     -31240.000,    -159155.000,  118,   88,    0,    0,    1,    0,    0,    0,    10.000
     -31240.000,    -159145.000,  118,   89,    0,    0,    1,    0,    0,    0,    10.000
     -31240.000,    -159135.000,  118,   90,    0,    0,    1,    0,    0,    0,    10.000
     -31240.000,    -159125.000,  118,   91,    0,    0,    1,    0,    0,    0,    10.000
     -31240.000,    -159115.000,  118,   92,    0,    0,    1,    0,    0,    0,    10.000
     -31250.000,    -159105.000,  117,   93,    0,    0,    1,    0,    0,    0,    10.000
     -31250.000,    -159095.000,  117,   94,    0,    0,    1,    0,    0,    0,    10.000
     -31250.000,    -159085.000,  117,   95,    0,    0,    1,    0,    0,    0,    10.000
     -31250.000,    -159075.000,  117,   96,    0,    0,    1,    0,    0,    0,    10.000
     -31250.000,    -159065.000,  117,   97,    0,    0,    1,    0,    0,    0,    10.000
     -31260.000,    -159055.000,  116,   98,    0,    0,    1,    0,    0,    0,    10.000
     -31260.000,    -159045.000,  116,   99,    0,    0,    1,    0,    0,    0,    10.000
     -31270.000,    -159035.000,  115,  100,    0,    0,    1,    0,    0,    0,    10.000
     -31270.000,    -159025.000,  115,  101,    0,    0,    1,    0,    0,    0,    10.000
     -31270.000,    -159015.000,  115,  102,    0,    0,    1,    0,    0,    0,    10.000
     -31280.000,    -159005.000,  114,  103,    0,    0,    1,    0,    0,    0,    10.000
     -31280.000,    -158995.000,  114,  104,    0,    0,    1,    0,    0,    0,    10.000
     -31280.000,    -158985.000,  114,  105,    0,    0,    1,    0,    0,    0,    10.000
     -31290.000,    -158975.000,  113,  106,    0,    0,    1,    0,    0,    0,    10.000
     -31300.000,    -158965.000,  112,  107,    0,    0,    1,    0,    0,    0,    10.000
     -31300.000,    -158955.000,  112,  108,    0,    0,    1,    0,    0,    0,    10.000
     -31310.000,    -158945.000,  111,  109,    0,    0,    1,    0,    0,    0,    10.000
     -31320.000,    -158935.000,  110,  110,    0,    0,    1,    0,    0,    0,    10.000
     -31320.000,    -158925.000,  110,  111,    0,    0,    1,    0,    0,    0,    10.000
     -31320.000,    -158915.000,  110,  112,    0,    0,    1,    0,    0,    0,    10.000
     -31320.000,    -158905.000,  110,  113,    0,    0,    1,    0,    0,    0,    10.000
     -31330.000,    -158895.000,  109,  114,    0,    0,    1,    0,    0,    0,    10.000
     -31330.000,    -158885.000,  109,  115,    0,    0,    1,    0,    0,    0,    10.000
     -31330.000,    -158875.000,  109,  116,    0,    0,    1,    0,    0,    0,    10.000
     -31330.000,    -158865.000,  109,  117,    0,    0,    1,    0,    0,    0,    10.000
     -31330.000,    -158855.000,  109,  118,    0,    0,    1,    0,    0,    0,    10.000
     -31340.000,    -158845.000,  108,  119,    0,    0,    1,    0,    0,    0,    10.000
     -31340.000,    -158835.000,  108,  120,    0,    0,    1,    0,    0,    0,    10.000
     -31340.000,    -158825.000,  108,  121,    0,    0,    1,    0,    0,    0,    10.000
     -31350.000,    -158815.000,  107,  122,    0,    0,    1,    0,    0,    0,    10.000
     -31350.000,    -158805.000,  107,  123,    0,    0,    1,    0,    0,    0,    10.000
     -31360.000,    -158795.000,  106,  124,    0,    0,    1,    0,    0,    0,    10.000
     -31380.000,    -158785.000,  104,  125,    0,    0,    1,    0,    0,    0,    10.000
     -31390.000,    -158775.000,  103,  126,    0,    0,    1,    0,    0,    0,    10.000
     -31390.000,    -158765.000,  103,  127,    0,    0,    1,    0,    0,    0,    10.000
     -31390.000,    -158755.000,  103,  128,    0,    0,    1,    0,    0,    0,    10.000
     -31390.000,    -158745.000,  103,  129,    0,    0,    1,    0,    0,    0,    10.000
     -31400.000,    -158735.000,  102,  130,    0,    0,    1,    0,    0,    0,    10.000
     -31410.000,    -158725.000,  101,  131,    0,    0,    1,    0,    0,    0,    10.000
     -31420.000,    -158715.000,  100,  132,    0,    0,    1,    0,    0,    0,    10.000
     -31430.000,    -158705.000,   99,  133,    0,    0,    1,    0,    0,    0,    10.000
     -31440.000,    -158695.000,   98,  134,    0,    0,    1,    0,    0,    0,    10.000
     -31450.000,    -158685.000,   97,  135,    0,    0,    1,    0,    0,    0,    10.000
     -31450.000,    -158675.000,   97,  136,    0,    0,    1,    0,    0,    0,    10.000
     -31450.000,    -158665.000,   97,  137,    0,    0,    1,    0,    0,    0,    10.000
     -31450.000,    -158655.000,   97,  138,    0,    0,    1,    0,    0,    0,    10.000
     -31460.000,    -158645.000,   96,  139,    0,    0,    1,    0,    0,    0,    10.000
     -31460.000,    -158635.000,   96,  140,    0,    0,    1,    0,    0,    0,    10.000
     -31460.000,    -158625.000,   96,  141,    0,    0,    1,    0,    0,    0,    10.000
     -31460.000,    -158615.000,   96,  142,    0,    0,    1,    0,    0,    0,    10.000
     -31470.000,    -158605.000,   95,  143,    0,    0,    1,    0,    0,    0,    10.000
     -31480.000,    -158595.000,   94,  144,    0,    0,    1,    0,    0,    0,    10.000
     -31490.000,    -158585.000,   93,  145,    0,    0,    1,    0,    0,    0,    10.000
     -31500.000,    -158575.000,   92,  146,    0,    0,    1,    0,    0,    0,    10.000
     -31500.000,    -158565.000,   92,  147,    0,    0,    1,    0,    0,    0,    10.000
     -31510.000,    -158555.000,   91,  148,    0,    0,    1,    0,    0,    0,    10.000
     -31510.000,    -158545.000,   91,  149,    0,    0,    1,    0,    0,    0,    10.000
     -31520.000,    -158535.000,   90,  150,    0,    0,    1,    0,    0,    0,    10.000
     -31530.000,    -158525.000,   89,  151,    0,    0,    1,    0,    0,    0,    10.000
     -31540.000,    -158515.000,   88,  152,    0,    0,    1,    0,    0,    0,    10.000
     -31550.000,    -158505.000,   87,  153,    0,    0,    1,    0,    0,    0,    10.000
     -31560.000,    -158495.000,   86,  154,    0,    0,    1,    0,    0,    0,    10.000
     -31560.000,    -158485.000,   86,  155,    0,    0,    1,    0,    0,    0,    10.000
     -31570.000,    -158475.000,   85,  156,    0,    0,    1,    0,    0,    0,    10.000
     -31570.000,    -158465.000,   85,  157,    0,    0,    1,    0,    0,    0,    10.000
     -31580.000,    -158455.000,   84,  158,    0,    0,    1,    0,    0,    0,    10.000
     -31590.000,    -158445.000,   83,  159,    0,    0,    1,    0,    0,    0,    10.000
     -31620.000,    -158435.000,   80,  160,    0,    0,    1,    0,    0,    0,    10.000
     -31650.000,    -158425.000,   77,  161,    0,    0,    1,    0,    0,    0,    10.000
     -31660.000,    -158415.000,   76,  162,    0,    0,    1,    0,    0,    0,    10.000
     -31670.000,    -158405.000,   75,  163,    0,    0,    1,    0,    0,    0,    10.000
     -31690.000,    -158395.000,   73,  164,    0,    0,    1,    0,    0,    0,    10.000
     -31710.000,    -158385.000,   71,  165,    0,    0,    1,    0,    0,    0,    10.000
     -31730.000,    -158375.000,   69,  166,    0,    0,    1,    0,    0,    0,    10.000
     -31740.000,    -158365.000,   68,  167,    0,    0,    1,    0,    0,    0,    10.000
     -31750.000,    -158355.000,   67,  168,    0,    0,    1,    0,    0,    0,    10.000
     -31760.000,    -158345.000,   66,  169,    0,    0,    1,    0,    0,    0,    10.000
     -31760.000,    -158335.000,   66,  170,    0,    0,    1,    0,    0,    0,    10.000
     -31770.000,    -158325.000,   65,  171,    0,    0,    1,    0,    0,    0,    10.000
     -31790.000,    -158315.000,   63,  172,    0,    0,    1,    0,    0,    0,    10.000
     -31820.000,    -158305.000,   60,  173,    0,    0,    1,    0,    0,    0,    10.000
     -31860.000,    -158295.000,   56,  174,    0,    0,    1,    0,    0,    0,    10.000
     -31900.000,    -158285.000,   52,  175,    0,    0,    1,    0,    0,    0,    10.000
     -31910.000,    -158275.000,   51,  176,    0,    0,    1,    0,    0,    0,    10.000
     -31920.000,    -158265.000,   50,  177,    0,    0,    1,    0,    0,    0,    10.000
     -31970.000,    -158255.000,   45,  178,    0,    0,    1,    0,    0,    0,    10.000
     -31980.000,    -158245.000,   44,  179,    0,    0,    1,    0,    0,    0,    10.000
     -31980.000,    -158235.000,   44,  180,    0,    0,    1,    0,    0,    0,    10.000
     -31980.000,    -158225.000,   44,  181,    0,    0,    1,    0,    0,    0,    10.000
     -31980.000,    -158215.000,   44,  182,    0,    0,    1,    0,    0,    0,    10.000
     -31990.000,    -158205.000,   43,  183,    0,    0,    1,    0,    0,    0,    10.000
     -31990.000,    -158195.000,   43,  184,    0,    0,    1,    0,    0,    0,    10.000
     -32010.000,    -158185.000,   41,  185,    0,    0,    1,    0,    0,    0,    10.000
     -32020.000,    -158175.000,   40,  186,    0,    0,    1,    0,    0,    0,    10.000
     -32020.000,    -158165.000,   40,  187,    0,    0,    1,    0,    0,    0,    10.000
     -32040.000,    -158155.000,   38,  188,    0,    0,    1,    0,    0,    0,    10.000
     -32060.000,    -158145.000,   36,  189,    0,    0,    1,    0,    0,    0,    10.000
     -32070.000,    -158135.000,   35,  190,    0,    0,    1,    0,    0,    0,    10.000
     -32090.000,    -158125.000,   33,  191,    0,    0,    1,    0,    0,    0,    10.000
     -32100.000,    -158115.000,   32,  192,    0,    0,    1,    0,    0,    0,    10.000
     -32110.000,    -158105.000,   31,  193,    0,    0,    1,    0,    0,    0,    10.000
     -32190.000,    -158095.000,   23,  194,    0,    0,    1,    0,    0,    0,    10.000
     -32130.000,    -158095.000,   29,  194,    0,    0,    1,    0,    0,    0,    10.000
     -32190.000,    -158085.000,   23,  195,    0,    0,    1,    0,    0,    0,    10.000
     -32200.000,    -158075.000,   22,  196,    0,    0,    1,    0,    0,    0,    10.000
     -32200.000,    -158065.000,   22,  197,    0,    0,    1,    0,    0,    0,    10.000
     -32200.000,    -158055.000,   22,  198,    0,    0,    1,    0,    0,    0,    10.000
     -32200.000,    -158045.000,   22,  199,    0,    0,    1,    0,    0,    0,    10.000
     -32200.000,    -158035.000,   22,  200,    0,    0,    1,    0,    0,    0,    10.000
     -32190.000,    -158025.000,   23,  201,    0,    0,    1,    0,    0,    0,    10.000
     -32200.000,    -158015.000,   22,  202,    0,    0,    1,    0,    0,    0,    10.000
     -32210.000,    -158005.000,   21,  203,    0,    0,    1,    0,    0,    0,    10.000
     -32220.000,    -157995.000,   20,  204,    0,    0,    1,    0,    0,    0,    10.000
     -32230.000,    -157985.000,   19,  205,    0,    0,    1,    0,    0,    0,    10.000
     -32240.000,    -157975.000,   18,  206,    0,    0,    1,    0,    0,    0,    10.000
     -32260.000,    -157965.000,   16,  207,    0,    0,    1,    0,    0,    0,    10.000
     -32270.000,    -157955.000,   15,  208,    0,    0,    1,    0,    0,    0,    10.000
     -32280.000,    -157945.000,   14,  209,    0,    0,    1,    0,    0,    0,    10.000
     -32280.000,    -157935.000,   14,  210,    0,    0,    1,    0,    0,    0,    10.000
     -32290.000,    -157925.000,   13,  211,    0,    0,    1,    0,    0,    0,    10.000
     -32300.000,    -157915.000,   12,  212,    0,    0,    1,    0,    0,    0,    10.000
     -32310.000,    -157905.000,   11,  213,    0,    0,    1,    0,    0,    0,    10.000
     -32310.000,    -157895.000,   11,  214,    0,    0,    1,    0,    0,    0,    10.000
     -32310.000,    -157885.000,   11,  215,    0,    0,    1,    0,    0,    0,    10.000
     -32320.000,    -157875.000,   10,  216,    0,    0,    1,    0,    0,    0,    10.000
     -32330.000,    -157865.000,    9,  217,    0,    0,    1,    0,    0,    0,    10.000
     -32340.000,    -157855.000,    8,  218,    0,    0,    1,    0,    0,    0,    10.000
     -32350.000,    -157845.000,    7,  219,    0,    0,    1,    0,    0,    0,    10.000
     -32360.000,    -157835.000,    6,  220,    0,    0,    1,    0,    0,    0,    10.000
     -32360.000,    -157825.000,    6,  221,    0,    0,    1,    0,    0,    0,    10.000
     -32370.000,    -157815.000,    5,  222,    0,    0,    1,    0,    0,    0,    10.000
     -32370.000,    -157805.000,    5,  223,    0,    0,    1,    0,    0,    0,    10.000
     -32370.000,    -157795.000,    5,  224,    0,    0,    1,    0,    0,    0,    10.000
     -32370.000,    -157785.000,    5,  225,    0,    0,    1,    0,    0,    0,    10.000
     -32380.000,    -157775.000,    4,  226,    0,    0,    1,    0,    0,    0,    10.000
     -32390.000,    -157765.000,    3,  227,    0,    0,    1,    0,    0,    0,    10.000
     -32390.000,    -157755.000,    3,  228,    0,    0,    1,    0,    0,    0,    10.000
     -32390.000,    -157745.000,    3,  229,    0,    0,    1,    0,    0,    0,    10.000
     -32380.000,    -157735.000,    4,  230,    0,    0,    1,    0,    0,    0,    10.000
     -32360.000,    -157725.000,    6,  231,    0,    0,    1,    0,    0,    0,    10.000
     -32350.000,    -157715.000,    7,  232,    0,    0,    1,    0,    0,    0,    10.000
     -32340.000,    -157705.000,    8,  233,    0,    0,    1,    0,    0,    0,    10.000
     -32310.000,    -157695.000,   11,  234,    0,    0,    1,    0,    0,    0,    10.000
     -32260.000,    -157685.000,   16,  235,    0,    0,    1,    0,    0,    0,    10.000
     -32250.000,    -157675.000,   17,  236,    0,    0,    1,    0,    0,    0,    10.000
     -30740.000,    -157675.000,  168,  236,    0,    0,    1,    0,    0,    0,    10.000
     -32220.000,    -157665.000,   20,  237,    0,    0,    1,    0,    0,    0,    10.000
     -30720.000,    -157665.000,  170,  237,    0,    0,    1,    0,    0,    0,    10.000
     -32190.000,    -157655.000,   23,  238,    0,    0,    1,    0,    0,    0,    10.000
     -30680.000,    -157655.000,  174,  238,    0,    0,    1,    0,    0,    0,    10.000
     -30630.000,    -157655.000,  179,  238,    0,    0,    1,    0,    0,    0,    10.000
     -32180.000,    -157645.000,   24,  239,    0,    0,    1,    0,    0,    0,    10.000
     -30610.000,    -157645.000,  181,  239,    0,    0,    1,    0,    0,    0,    10.000
     -32180.000,    -157635.000,   24,  240,    0,    0,    1,    0,    0,    0,    10.000
     -32170.000,    -157625.000,   25,  241,    0,    0,    1,    0,    0,    0,    10.000
     -32150.000,    -157615.000,   27,  242,    0,    0,    1,    0,    0,    0,    10.000
     -31040.000,    -157615.000,  138,  242,    0,    0,    1,    0,    0,    0,    10.000
     -32130.000,    -157605.000,   29,  243,    0,    0,    1,    0,    0,    0,    10.000
     -31010.000,    -157605.000,  141,  243,    0,    0,    1,    0,    0,    0,    10.000
     -32120.000,    -157595.000,   30,  244,    0,    0,    1,    0,    0,    0,    10.000
     -32120.000,    -157585.000,   30,  245,    0,    0,    1,    0,    0,    0,    10.000
     -32120.000,    -157575.000,   30,  246,    0,    0,    1,    0,    0,    0,    10.000
     -32110.000,    -157565.000,   31,  247,    0,    0,    1,    0,    0,    0,    10.000
     -32120.000,    -157555.000,   30,  248,    0,    0,    1,    0,    0,    0,    10.000
     -32120.000,    -157545.000,   30,  249,    0,    0,    1,    0,    0,    0,    10.000
     -32120.000,    -157535.000,   30,  250,    0,    0,    1,    0,    0,    0,    10.000
     -32120.000,    -157525.000,   30,  251,    0,    0,    1,    0,    0,    0,    10.000
     -32130.000,    -157515.000,   29,  252,    0,    0,    1,    0,    0,    0,    10.000
     -32130.000,    -157505.000,   29,  253,    0,    0,    1,    0,    0,    0,    10.000
     -32120.000,    -157495.000,   30,  254,    0,    0,    1,    0,    0,    0,    10.000
     -31790.000,    -157495.000,   63,  254,    0,    0,    1,    0,    0,    0,    10.000
     -31700.000,    -157495.000,   72,  254,    0,    0,    1,    0,    0,    0,    10.000
     -32110.000,    -157485.000,   31,  255,    0,    0,    1,    0,    0,    0,    10.000
     -31690.000,    -157485.000,   73,  255,    0,    0,    1,    0,    0,    0,    10.000
     -32080.000,    -157475.000,   34,  256,    0,    0,    1,    0,    0,    0,    10.000
     -31970.000,    -157475.000,   45,  256,    0,    0,    1,    0,    0,    0,    10.000
     -31650.000,    -157475.000,   77,  256,    0,    0,    1,    0,    0,    0,    10.000
     -31500.000,    -157475.000,   92,  256,    0,    0,    1,    0,    0,    0,    10.000
     -31450.000,    -157475.000,   97,  256,    0,    0,    1,    0,    0,    0,    10.000
     -31400.000,    -157475.000,  102,  256,    0,    0,    1,    0,    0,    0,    10.000
     -31330.000,    -157475.000,  109,  256,    0,    0,    1,    0,    0,    0,    10.000
     -31630.000,    -157465.000,   79,  257,    0,    0,    1,    0,    0,    0,    10.000
     -31480.000,    -157465.000,   94,  257,    0,    0,    1,    0,    0,    0,    10.000
     -31320.000,    -157465.000,  110,  257,    0,    0,    1,    0,    0,    0,    10.000
     -31590.000,    -157455.000,   83,  258,    0,    0,    1,    0,    0,    0,    10.000
     -31570.000,    -157445.000,   85,  259,    0,    0,    1,    0,    0,    0,    10.000
     -31180.000,    -160015.000,  124,    2,   -1,    0,   -1,    0,   -2,    0,    10.000
     -31170.000,    -160005.000,  125,    3,   -1,    0,   -1,    0,   -2,    0,    10.000
     -31100.000,    -159995.000,  132,    4,   -1,    0,   -1,    0,   -2,    0,    10.000
     -31060.000,    -159985.000,  136,    5,   -1,    0,   -1,    0,   -2,    0,    10.000
     -31050.000,    -159975.000,  137,    6,   -1,    0,   -1,    0,   -2,    0,    10.000
     -31040.000,    -159965.000,  138,    7,   -1,    0,   -1,    0,   -2,    0,    10.000
     -31020.000,    -159955.000,  140,    8,   -1,    0,   -1,    0,   -2,    0,    10.000
     -31010.000,    -159945.000,  141,    9,   -1,    0,   -1,    0,   -2,    0,    10.000
     -31010.000,    -159935.000,  141,   10,   -1,    0,   -1,    0,   -2,    0,    10.000
     -31010.000,    -159925.000,  141,   11,   -1,    0,   -1,    0,   -2,    0,    10.000
     -31010.000,    -159915.000,  141,   12,   -1,    0,   -1,    0,   -2,    0,    10.000
     -31010.000,    -159905.000,  141,   13,   -1,    0,   -1,    0,   -2,    0,    10.000
     -31010.000,    -159895.000,  141,   14,   -1,    0,   -1,    0,   -2,    0,    10.000
     -31000.000,    -159885.000,  142,   15,   -1,    0,   -1,    0,   -2,    0,    10.000
     -31000.000,    -159875.000,  142,   16,   -1,    0,   -1,    0,   -2,    0,    10.000
     -30990.000,    -159865.000,  143,   17,   -1,    0,   -1,    0,   -2,    0,    10.000
     -30990.000,    -159855.000,  143,   18,   -1,    0,   -1,    0,   -2,    0,    10.000
     -30980.000,    -159845.000,  144,   19,   -1,    0,   -1,    0,   -2,    0,    10.000
     -30980.000,    -159835.000,  144,   20,   -1,    0,   -1,    0,   -2,    0,    10.000
     -30970.000,    -159825.000,  145,   21,   -1,    0,   -1,    0,   -2,    0,    10.000
     -30970.000,    -159815.000,  145,   22,   -1,    0,   -1,    0,   -2,    0,    10.000
     -30970.000,    -159805.000,  145,   23,   -1,    0,   -1,    0,   -2,    0,    10.000
     -30960.000,    -159795.000,  146,   24,   -1,    0,   -1,    0,   -2,    0,    10.000
     -30960.000,    -159785.000,  146,   25,   -1,    0,   -1,    0,   -2,    0,    10.000
     -30960.000,    -159775.000,  146,   26,   -1,    0,   -1,    0,   -2,    0,    10.000
     -30960.000,    -159765.000,  146,   27,   -1,    0,   -1,    0,   -2,    0,    10.000
     -30960.000,    -159755.000,  146,   28,   -1,    0,   -1,    0,   -2,    0,    10.000
     -30950.000,    -159745.000,  147,   29,   -1,    0,   -1,    0,   -2,    0,    10.000
     -30950.000,    -159735.000,  147,   30,   -1,    0,   -1,    0,   -2,    0,    10.000
     -30930.000,    -159725.000,  149,   31,   -1,    0,   -1,    0,   -2,    0,    10.000
     -30920.000,    -159715.000,  150,   32,   -1,    0,   -1,    0,   -2,    0,    10.000
     -30910.000,    -159705.000,  151,   33,   -1,    0,   -1,    0,   -2,    0,    10.000
     -30710.000,    -159705.000,  171,   33,   -1,    0,   -1,    0,   -2,    0,    10.000
     -30860.000,    -159695.000,  156,   34,   -1,    0,   -1,    0,   -2,    0,    10.000
     -30690.000,    -159695.000,  173,   34,   -1,    0,   -1,    0,   -2,    0,    10.000
     -30850.000,    -159685.000,  157,   35,   -1,    0,   -1,    0,   -2,    0,    10.000
     -30670.000,    -159685.000,  175,   35,   -1,    0,   -1,    0,   -2,    0,    10.000
     -30820.000,    -159675.000,  160,   36,   -1,    0,   -1,    0,   -2,    0,    10.000
     -30620.000,    -159675.000,  180,   36,   -1,    0,   -1,    0,   -2,    0,    10.000
     -30600.000,    -159665.000,  182,   37,   -1,    0,   -1,    0,   -2,    0,    10.000
     -30600.000,    -159655.000,  182,   38,   -1,    0,   -1,    0,   -2,    0,    10.000
     -30600.000,    -159645.000,  182,   39,   -1,    0,   -1,    0,   -2,    0,    10.000
     -30580.000,    -159635.000,  184,   40,   -1,    0,   -1,    0,   -2,    0,    10.000
     -30560.000,    -159625.000,  186,   41,   -1,    0,   -1,    0,   -2,    0,    10.000
     -30560.000,    -159615.000,  186,   42,   -1,    0,   -1,    0,   -2,    0,    10.000
     -30560.000,    -159605.000,  186,   43,   -1,    0,   -1,    0,   -2,    0,    10.000
     -30570.000,    -159595.000,  185,   44,   -1,    0,   -1,    0,   -2,    0,    10.000
     -30560.000,    -159585.000,  186,   45,   -1,    0,   -1,    0,   -2,    0,    10.000
     -30530.000,    -159575.000,  189,   46,   -1,    0,   -1,    0,   -2,    0,    10.000
     -30520.000,    -159565.000,  190,   47,   -1,    0,   -1,    0,   -2,    0,    10.000
     -30510.000,    -159555.000,  191,   48,   -1,    0,   -1,    0,   -2,    0,    10.000
     -30510.000,    -159545.000,  191,   49,   -1,    0,   -1,    0,   -2,    0,    10.000
     -30500.000,    -159535.000,  192,   50,   -1,    0,   -1,    0,   -2,    0,    10.000
     -30500.000,    -159525.000,  192,   51,   -1,    0,   -1,    0,   -2,    0,    10.000
     -30490.000,    -159515.000,  193,   52,   -1,    0,   -1,    0,   -2,    0,    10.000
     -30480.000,    -159505.000,  194,   53,   -1,    0,   -1,    0,   -2,    0,    10.000
     -30470.000,    -159495.000,  195,   54,   -1,    0,   -1,    0,   -2,    0,    10.000
     -30460.000,    -159485.000,  196,   55,   -1,    0,   -1,    0,   -2,    0,    10.000
     -30440.000,    -159475.000,  198,   56,   -1,    0,   -1,    0,   -2,    0,    10.000
     -30390.000,    -159475.000,  203,   56,   -1,    0,   -1,    0,   -2,    0,    10.000
     -30390.000,    -159465.000,  203,   57,   -1,    0,   -1,    0,   -2,    0,    10.000
     -30380.000,    -159455.000,  204,   58,   -1,    0,   -1,    0,   -2,    0,    10.000
     -30380.000,    -159445.000,  204,   59,   -1,    0,   -1,    0,   -2,    0,    10.000
     -30380.000,    -159435.000,  204,   60,   -1,    0,   -1,    0,   -2,    0,    10.000
     -30380.000,    -159425.000,  204,   61,   -1,    0,   -1,    0,   -2,    0,    10.000
     -30380.000,    -159415.000,  204,   62,   -1,    0,   -1,    0,   -2,    0,    10.000
     -30380.000,    -159405.000,  204,   63,   -1,    0,   -1,    0,   -2,    0,    10.000
     -30380.000,    -159395.000,  204,   64,   -1,    0,   -1,    0,   -2,    0,    10.000
     -30370.000,    -159385.000,  205,   65,   -1,    0,   -1,    0,   -2,    0,    10.000
     -30360.000,    -159375.000,  206,   66,   -1,    0,   -1,    0,   -2,    0,    10.000
     -30350.000,    -159365.000,  207,   67,   -1,    0,   -1,    0,   -2,    0,    10.000
     -30330.000,    -159355.000,  209,   68,   -1,    0,   -1,    0,   -2,    0,    10.000
     -30320.000,    -159345.000,  210,   69,   -1,    0,   -1,    0,   -2,    0,    10.000
     -30310.000,    -159335.000,  211,   70,   -1,    0,   -1,    0,   -2,    0,    10.000
     -30290.000,    -159325.000,  213,   71,   -1,    0,   -1,    0,   -2,    0,    10.000
     -30270.000,    -159315.000,  215,   72,   -1,    0,   -1,    0,   -2,    0,    10.000
     -30260.000,    -159305.000,  216,   73,   -1,    0,   -1,    0,   -2,    0,    10.000
     -30240.000,    -159295.000,  218,   74,   -1,    0,   -1,    0,   -2,    0,    10.000
     -30240.000,    -159285.000,  218,   75,   -1,    0,   -1,    0,   -2,    0,    10.000
     -30220.000,    -159285.000,  220,   75,   -1,    0,   -1,    0,   -2,    0,    10.000
     -30200.000,    -159275.000,  222,   76,   -1,    0,   -1,    0,   -2,    0,    10.000
     -30180.000,    -159275.000,  224,   76,   -1,    0,   -1,    0,   -2,    0,    10.000
     -30160.000,    -159265.000,  226,   77,   -1,    0,   -1,    0,   -2,    0,    10.000
     -30160.000,    -159255.000,  226,   78,   -1,    0,   -1,    0,   -2,    0,    10.000
     -30160.000,    -159245.000,  226,   79,   -1,    0,   -1,    0,   -2,    0,    10.000
     -30160.000,    -159235.000,  226,   80,   -1,    0,   -1,    0,   -2,    0,    10.000
     -30160.000,    -159225.000,  226,   81,   -1,    0,   -1,    0,   -2,    0,    10.000
     -30160.000,    -159215.000,  226,   82,   -1,    0,   -1,    0,   -2,    0,    10.000
     -30160.000,    -159205.000,  226,   83,   -1,    0,   -1,    0,   -2,    0,    10.000
     -30160.000,    -159195.000,  226,   84,   -1,    0,   -1,    0,   -2,    0,    10.000
     -30160.000,    -159185.000,  226,   85,   -1,    0,   -1,    0,   -2,    0,    10.000
     -30160.000,    -159175.000,  226,   86,   -1,    0,   -1,    0,   -2,    0,    10.000
     -30160.000,    -159165.000,  226,   87,   -1,    0,   -1,    0,   -2,    0,    10.000
     -30160.000,    -159155.000,  226,   88,   -1,    0,   -1,    0,   -2,    0,    10.000
     -30150.000,    -159145.000,  227,   89,   -1,    0,   -1,    0,   -2,    0,    10.000
     -30130.000,    -159135.000,  229,   90,   -1,    0,   -1,    0,   -2,    0,    10.000
     -30120.000,    -159125.000,  230,   91,   -1,    0,   -1,    0,   -2,    0,    10.000
     -30110.000,    -159115.000,  231,   92,   -1,    0,   -1,    0,   -2,    0,    10.000
     -30110.000,    -159105.000,  231,   93,   -1,    0,   -1,    0,   -2,    0,    10.000
     -30110.000,    -159095.000,  231,   94,   -1,    0,   -1,    0,   -2,    0,    10.000
     -30110.000,    -159085.000,  231,   95,   -1,    0,   -1,    0,   -2,    0,    10.000
     -30100.000,    -159075.000,  232,   96,   -1,    0,   -1,    0,   -2,    0,    10.000
     -30100.000,    -159065.000,  232,   97,   -1,    0,   -1,    0,   -2,    0,    10.000
     -30100.000,    -159055.000,  232,   98,   -1,    0,   -1,    0,   -2,    0,    10.000
     -30090.000,    -159045.000,  233,   99,   -1,    0,   -1,    0,   -2,    0,    10.000
     -30090.000,    -159035.000,  233,  100,   -1,    0,   -1,    0,   -2,    0,    10.000
     -30080.000,    -159025.000,  234,  101,   -1,    0,   -1,    0,   -2,    0,    10.000
     -30070.000,    -159015.000,  235,  102,   -1,    0,   -1,    0,   -2,    0,    10.000
     -30050.000,    -159005.000,  237,  103,   -1,    0,   -1,    0,   -2,    0,    10.000
     -30030.000,    -158995.000,  239,  104,   -1,    0,   -1,    0,   -2,    0,    10.000
     -30030.000,    -158985.000,  239,  105,   -1,    0,   -1,    0,   -2,    0,    10.000
     -30030.000,    -158975.000,  239,  106,   -1,    0,   -1,    0,   -2,    0,    10.000
     -30030.000,    -158965.000,  239,  107,   -1,    0,   -1,    0,   -2,    0,    10.000
     -30030.000,    -158955.000,  239,  108,   -1,    0,   -1,    0,   -2,    0,    10.000
     -30040.000,    -158945.000,  238,  109,   -1,    0,   -1,    0,   -2,    0,    10.000
     -30040.000,    -158935.000,  238,  110,   -1,    0,   -1,    0,   -2,    0,    10.000
     -30050.000,    -158925.000,  237,  111,   -1,    0,   -1,    0,   -2,    0,    10.000
     -30050.000,    -158915.000,  237,  112,   -1,    0,   -1,    0,   -2,    0,    10.000
     -30050.000,    -158905.000,  237,  113,   -1,    0,   -1,    0,   -2,    0,    10.000
     -30040.000,    -158895.000,  238,  114,   -1,    0,   -1,    0,   -2,    0,    10.000
     -30040.000,    -158885.000,  238,  115,   -1,    0,   -1,    0,   -2,    0,    10.000
     -30030.000,    -158875.000,  239,  116,   -1,    0,   -1,    0,   -2,    0,    10.000
     -30020.000,    -158865.000,  240,  117,   -1,    0,   -1,    0,   -2,    0,    10.000
     -30020.000,    -158855.000,  240,  118,   -1,    0,   -1,    0,   -2,    0,    10.000
     -30020.000,    -158845.000,  240,  119,   -1,    0,   -1,    0,   -2,    0,    10.000
     -30070.000,    -158835.000,  235,  120,   -1,    0,   -1,    0,   -2,    0,    10.000
     -30080.000,    -158825.000,  234,  121,   -1,    0,   -1,    0,   -2,    0,    10.000
     -30090.000,    -158815.000,  233,  122,   -1,    0,   -1,    0,   -2,    0,    10.000
     -30090.000,    -158805.000,  233,  123,   -1,    0,   -1,    0,   -2,    0,    10.000
     -30100.000,    -158795.000,  232,  124,   -1,    0,   -1,    0,   -2,    0,    10.000
     -30100.000,    -158785.000,  232,  125,   -1,    0,   -1,    0,   -2,    0,    10.000
     -30100.000,    -158775.000,  232,  126,   -1,    0,   -1,    0,   -2,    0,    10.000
     -30110.000,    -158765.000,  231,  127,   -1,    0,   -1,    0,   -2,    0,    10.000
     -30120.000,    -158755.000,  230,  128,   -1,    0,   -1,    0,   -2,    0,    10.000
     -30110.000,    -158745.000,  231,  129,   -1,    0,   -1,    0,   -2,    0,    10.000
     -30120.000,    -158735.000,  230,  130,   -1,    0,   -1,    0,   -2,    0,    10.000
     -30130.000,    -158725.000,  229,  131,   -1,    0,   -1,    0,   -2,    0,    10.000
     -30140.000,    -158715.000,  228,  132,   -1,    0,   -1,    0,   -2,    0,    10.000
     -30160.000,    -158705.000,  226,  133,   -1,    0,   -1,    0,   -2,    0,    10.000
     -30170.000,    -158695.000,  225,  134,   -1,    0,   -1,    0,   -2,    0,    10.000
     -30170.000,    -158685.000,  225,  135,   -1,    0,   -1,    0,   -2,    0,    10.000
     -30180.000,    -158675.000,  224,  136,   -1,    0,   -1,    0,   -2,    0,    10.000
     -30180.000,    -158665.000,  224,  137,   -1,    0,   -1,    0,   -2,    0,    10.000
     -30180.000,    -158655.000,  224,  138,   -1,    0,   -1,    0,   -2,    0,    10.000
     -30170.000,    -158645.000,  225,  139,   -1,    0,   -1,    0,   -2,    0,    10.000
     -30170.000,    -158635.000,  225,  140,   -1,    0,   -1,    0,   -2,    0,    10.000
     -30160.000,    -158625.000,  226,  141,   -1,    0,   -1,    0,   -2,    0,    10.000
     -30160.000,    -158615.000,  226,  142,   -1,    0,   -1,    0,   -2,    0,    10.000
     -30160.000,    -158605.000,  226,  143,   -1,    0,   -1,    0,   -2,    0,    10.000
     -30160.000,    -158595.000,  226,  144,   -1,    0,   -1,    0,   -2,    0,    10.000
     -30160.000,    -158585.000,  226,  145,   -1,    0,   -1,    0,   -2,    0,    10.000
     -30160.000,    -158575.000,  226,  146,   -1,    0,   -1,    0,   -2,    0,    10.000
     -30160.000,    -158565.000,  226,  147,   -1,    0,   -1,    0,   -2,    0,    10.000
     -30160.000,    -158555.000,  226,  148,   -1,    0,   -1,    0,   -2,    0,    10.000
     -30160.000,    -158545.000,  226,  149,   -1,    0,   -1,    0,   -2,    0,    10.000
     -30170.000,    -158535.000,  225,  150,   -1,    0,   -1,    0,   -2,    0,    10.000
     -30170.000,    -158525.000,  225,  151,   -1,    0,   -1,    0,   -2,    0,    10.000
     -30180.000,    -158515.000,  224,  152,   -1,    0,   -1,    0,   -2,    0,    10.000
     -30190.000,    -158505.000,  223,  153,   -1,    0,   -1,    0,   -2,    0,    10.000
     -30200.000,    -158495.000,  222,  154,   -1,    0,   -1,    0,   -2,    0,    10.000
     -30200.000,    -158485.000,  222,  155,   -1,    0,   -1,    0,   -2,    0,    10.000
     -30210.000,    -158475.000,  221,  156,   -1,    0,   -1,    0,   -2,    0,    10.000
     -30220.000,    -158465.000,  220,  157,   -1,    0,   -1,    0,   -2,    0,    10.000
     -30220.000,    -158455.000,  220,  158,   -1,    0,   -1,    0,   -2,    0,    10.000
     -30220.000,    -158445.000,  220,  159,   -1,    0,   -1,    0,   -2,    0,    10.000
     -30230.000,    -158435.000,  219,  160,   -1,    0,   -1,    0,   -2,    0,    10.000
     -30230.000,    -158425.000,  219,  161,   -1,    0,   -1,    0,   -2,    0,    10.000
     -30240.000,    -158415.000,  218,  162,   -1,    0,   -1,    0,   -2,    0,    10.000
     -30250.000,    -158405.000,  217,  163,   -1,    0,   -1,    0,   -2,    0,    10.000
     -30260.000,    -158395.000,  216,  164,   -1,    0,   -1,    0,   -2,    0,    10.000
     -30270.000,    -158385.000,  215,  165,   -1,    0,   -1,    0,   -2,    0,    10.000
     -30280.000,    -158375.000,  214,  166,   -1,    0,   -1,    0,   -2,    0,    10.000
     -30280.000,    -158365.000,  214,  167,   -1,    0,   -1,    0,   -2,    0,    10.000
     -30280.000,    -158355.000,  214,  168,   -1,    0,   -1,    0,   -2,    0,    10.000
     -30290.000,    -158345.000,  213,  169,   -1,    0,   -1,    0,   -2,    0,    10.000
     -30290.000,    -158335.000,  213,  170,   -1,    0,   -1,    0,   -2,    0,    10.000
     -30290.000,    -158325.000,  213,  171,   -1,    0,   -1,    0,   -2,    0,    10.000
     -30300.000,    -158315.000,  212,  172,   -1,    0,   -1,    0,   -2,    0,    10.000
     -30310.000,    -158305.000,  211,  173,   -1,    0,   -1,    0,   -2,    0,    10.000
     -30310.000,    -158295.000,  211,  174,   -1,    0,   -1,    0,   -2,    0,    10.000
     -30320.000,    -158285.000,  210,  175,   -1,    0,   -1,    0,   -2,    0,    10.000
     -30330.000,    -158275.000,  209,  176,   -1,    0,   -1,    0,   -2,    0,    10.000
     -30340.000,    -158265.000,  208,  177,   -1,    0,   -1,    0,   -2,    0,    10.000
     -30360.000,    -158255.000,  206,  178,   -1,    0,   -1,    0,   -2,    0,    10.000
     -30370.000,    -158245.000,  205,  179,   -1,    0,   -1,    0,   -2,    0,    10.000
     -30370.000,    -158235.000,  205,  180,   -1,    0,   -1,    0,   -2,    0,    10.000
     -30380.000,    -158225.000,  204,  181,   -1,    0,   -1,    0,   -2,    0,    10.000
     -30380.000,    -158215.000,  204,  182,   -1,    0,   -1,    0,   -2,    0,    10.000
     -30380.000,    -158205.000,  204,  183,   -1,    0,   -1,    0,   -2,    0,    10.000
     -30390.000,    -158195.000,  203,  184,   -1,    0,   -1,    0,   -2,    0,    10.000
     -30390.000,    -158185.000,  203,  185,   -1,    0,   -1,    0,   -2,    0,    10.000
     -30390.000,    -158175.000,  203,  186,   -1,    0,   -1,    0,   -2,    0,    10.000
     -30390.000,    -158165.000,  203,  187,   -1,    0,   -1,    0,   -2,    0,    10.000
     -30400.000,    -158155.000,  202,  188,   -1,    0,   -1,    0,   -2,    0,    10.000
     -30400.000,    -158145.000,  202,  189,   -1,    0,   -1,    0,   -2,    0,    10.000
     -30390.000,    -158135.000,  203,  190,   -1,    0,   -1,    0,   -2,    0,    10.000
     -30390.000,    -158125.000,  203,  191,   -1,    0,   -1,    0,   -2,    0,    10.000
     -30380.000,    -158115.000,  204,  192,   -1,    0,   -1,    0,   -2,    0,    10.000
     -30370.000,    -158105.000,  205,  193,   -1,    0,   -1,    0,   -2,    0,    10.000
     -32180.000,    -158095.000,   24,  194,   -1,    0,   -1,    0,   -2,    0,    10.000
     -30370.000,    -158095.000,  205,  194,   -1,    0,   -1,    0,   -2,    0,    10.000
     -30370.000,    -158085.000,  205,  195,   -1,    0,   -1,    0,   -2,    0,    10.000
     -30370.000,    -158075.000,  205,  196,   -1,    0,   -1,    0,   -2,    0,    10.000
     -30380.000,    -158065.000,  204,  197,   -1,    0,   -1,    0,   -2,    0,    10.000
     -30380.000,    -158055.000,  204,  198,   -1,    0,   -1,    0,   -2,    0,    10.000
     -30390.000,    -158045.000,  203,  199,   -1,    0,   -1,    0,   -2,    0,    10.000
     -30390.000,    -158035.000,  203,  200,   -1,    0,   -1,    0,   -2,    0,    10.000
     -30390.000,    -158025.000,  203,  201,   -1,    0,   -1,    0,   -2,    0,    10.000
     -30400.000,    -158015.000,  202,  202,   -1,    0,   -1,    0,   -2,    0,    10.000
     -30400.000,    -158005.000,  202,  203,   -1,    0,   -1,    0,   -2,    0,    10.000
     -30400.000,    -157995.000,  202,  204,   -1,    0,   -1,    0,   -2,    0,    10.000
     -30400.000,    -157985.000,  202,  205,   -1,    0,   -1,    0,   -2,    0,    10.000
     -30400.000,    -157975.000,  202,  206,   -1,    0,   -1,    0,   -2,    0,    10.000
     -30410.000,    -157965.000,  201,  207,   -1,    0,   -1,    0,   -2,    0,    10.000
     -30410.000,    -157955.000,  201,  208,   -1,    0,   -1,    0,   -2,    0,    10.000
     -30420.000,    -157945.000,  200,  209,   -1,    0,   -1,    0,   -2,    0,    10.000
     -30430.000,    -157935.000,  199,  210,   -1,    0,   -1,    0,   -2,    0,    10.000
     -30440.000,    -157925.000,  198,  211,   -1,    0,   -1,    0,   -2,    0,    10.000
     -30440.000,    -157915.000,  198,  212,   -1,    0,   -1,    0,   -2,    0,    10.000
     -30440.000,    -157905.000,  198,  213,   -1,    0,   -1,    0,   -2,    0,    10.000
     -30440.000,    -157895.000,  198,  214,   -1,    0,   -1,    0,   -2,    0,    10.000
     -30440.000,    -157885.000,  198,  215,   -1,    0,   -1,    0,   -2,    0,    10.000
     -30440.000,    -157875.000,  198,  216,   -1,    0,   -1,    0,   -2,    0,    10.000
     -30440.000,    -157865.000,  198,  217,   -1,    0,   -1,    0,   -2,    0,    10.000
     -30440.000,    -157855.000,  198,  218,   -1,    0,   -1,    0,   -2,    0,    10.000
     -30440.000,    -157845.000,  198,  219,   -1,    0,   -1,    0,   -2,    0,    10.000
     -30440.000,    -157835.000,  198,  220,   -1,    0,   -1,    0,   -2,    0,    10.000
     -30450.000,    -157825.000,  197,  221,   -1,    0,   -1,    0,   -2,    0,    10.000
     -30450.000,    -157815.000,  197,  222,   -1,    0,   -1,    0,   -2,    0,    10.000
     -30450.000,    -157805.000,  197,  223,   -1,    0,   -1,    0,   -2,    0,    10.000
     -30460.000,    -157795.000,  196,  224,   -1,    0,   -1,    0,   -2,    0,    10.000
     -30460.000,    -157785.000,  196,  225,   -1,    0,   -1,    0,   -2,    0,    10.000
     -30460.000,    -157775.000,  196,  226,   -1,    0,   -1,    0,   -2,    0,    10.000
     -30470.000,    -157765.000,  195,  227,   -1,    0,   -1,    0,   -2,    0,    10.000
     -30480.000,    -157755.000,  194,  228,   -1,    0,   -1,    0,   -2,    0,    10.000
     -30490.000,    -157745.000,  193,  229,   -1,    0,   -1,    0,   -2,    0,    10.000
     -30490.000,    -157735.000,  193,  230,   -1,    0,   -1,    0,   -2,    0,    10.000
     -30500.000,    -157725.000,  192,  231,   -1,    0,   -1,    0,   -2,    0,    10.000
     -30500.000,    -157715.000,  192,  232,   -1,    0,   -1,    0,   -2,    0,    10.000
     -30510.000,    -157705.000,  191,  233,   -1,    0,   -1,    0,   -2,    0,    10.000
     -30510.000,    -157695.000,  191,  234,   -1,    0,   -1,    0,   -2,    0,    10.000
     -30520.000,    -157685.000,  190,  235,   -1,    0,   -1,    0,   -2,    0,    10.000
     -30800.000,    -157675.000,  162,  236,   -1,    0,   -1,    0,   -2,    0,    10.000
     -30530.000,    -157675.000,  189,  236,   -1,    0,   -1,    0,   -2,    0,    10.000
     -30840.000,    -157665.000,  158,  237,   -1,    0,   -1,    0,   -2,    0,    10.000
     -30540.000,    -157665.000,  188,  237,   -1,    0,   -1,    0,   -2,    0,    10.000
     -30880.000,    -157655.000,  154,  238,   -1,    0,   -1,    0,   -2,    0,    10.000
     -30650.000,    -157655.000,  177,  238,   -1,    0,   -1,    0,   -2,    0,    10.000
     -30570.000,    -157655.000,  185,  238,   -1,    0,   -1,    0,   -2,    0,    10.000
     -30890.000,    -157645.000,  153,  239,   -1,    0,   -1,    0,   -2,    0,    10.000
     -30590.000,    -157645.000,  183,  239,   -1,    0,   -1,    0,   -2,    0,    10.000
     -30940.000,    -157635.000,  148,  240,   -1,    0,   -1,    0,   -2,    0,    10.000
     -30950.000,    -157625.000,  147,  241,   -1,    0,   -1,    0,   -2,    0,    10.000
     -31050.000,    -157615.000,  137,  242,   -1,    0,   -1,    0,   -2,    0,    10.000
     -30960.000,    -157615.000,  146,  242,   -1,    0,   -1,    0,   -2,    0,    10.000
     -31070.000,    -157605.000,  135,  243,   -1,    0,   -1,    0,   -2,    0,    10.000
     -30980.000,    -157605.000,  144,  243,   -1,    0,   -1,    0,   -2,    0,    10.000
     -31070.000,    -157595.000,  135,  244,   -1,    0,   -1,    0,   -2,    0,    10.000
     -31080.000,    -157585.000,  134,  245,   -1,    0,   -1,    0,   -2,    0,    10.000
     -31090.000,    -157575.000,  133,  246,   -1,    0,   -1,    0,   -2,    0,    10.000
     -31110.000,    -157565.000,  131,  247,   -1,    0,   -1,    0,   -2,    0,    10.000
     -31120.000,    -157555.000,  130,  248,   -1,    0,   -1,    0,   -2,    0,    10.000
     -31130.000,    -157545.000,  129,  249,   -1,    0,   -1,    0,   -2,    0,    10.000
     -31160.000,    -157535.000,  126,  250,   -1,    0,   -1,    0,   -2,    0,    10.000
     -31170.000,    -157525.000,  125,  251,   -1,    0,   -1,    0,   -2,    0,    10.000
     -31180.000,    -157515.000,  124,  252,   -1,    0,   -1,    0,   -2,    0,    10.000
     -31190.000,    -157505.000,  123,  253,   -1,    0,   -1,    0,   -2,    0,    10.000
     -31830.000,    -157495.000,   59,  254,   -1,    0,   -1,    0,   -2,    0,    10.000
     -31730.000,    -157495.000,   69,  254,   -1,    0,   -1,    0,   -2,    0,    10.000
     -31200.000,    -157495.000,  122,  254,   -1,    0,   -1,    0,   -2,    0,    10.000
     -31910.000,    -157485.000,   51,  255,   -1,    0,   -1,    0,   -2,    0,    10.000
     -31210.000,    -157485.000,  121,  255,   -1,    0,   -1,    0,   -2,    0,    10.000
     -32060.000,    -157475.000,   36,  256,   -1,    0,   -1,    0,   -2,    0,    10.000
     -31960.000,    -157475.000,   46,  256,   -1,    0,   -1,    0,   -2,    0,    10.000
     -31510.000,    -157475.000,   91,  256,   -1,    0,   -1,    0,   -2,    0,    10.000
     -31460.000,    -157475.000,   96,  256,   -1,    0,   -1,    0,   -2,    0,    10.000
     -31420.000,    -157475.000,  100,  256,   -1,    0,   -1,    0,   -2,    0,    10.000
     -31370.000,    -157475.000,  105,  256,   -1,    0,   -1,    0,   -2,    0,    10.000
     -31270.000,    -157475.000,  115,  256,   -1,    0,   -1,    0,   -2,    0,    10.000
     -31520.000,    -157465.000,   90,  257,   -1,    0,   -1,    0,   -2,    0,    10.000
     -31470.000,    -157465.000,   95,  257,   -1,    0,   -1,    0,   -2,    0,    10.000
     -31300.000,    -157465.000,  112,  257,   -1,    0,   -1,    0,   -2,    0,    10.000
     -31530.000,    -157455.000,   89,  258,   -1,    0,   -1,    0,   -2,    0,    10.000
     -31540.000,    -157445.000,   88,  259,   -1,    0,   -1,    0,   -2,    0,    10.000
