   time(s)          q_sum         qs_sum          h_sum         hs_sum        qcc_sum        qcf_sum         cc_sum         cf_sum         dz_sum        fsr_sum
       600   0.00000E+000   0.96567E-003   0.44865E+001   0.77853E+006   0.00000E+000   0.00000E+000   0.00000E+000   0.00000E+000   0.26001E+007   0.00000E+000
      1200   0.00000E+000   0.19330E-002   0.89867E+001   0.77853E+006   0.00000E+000   0.00000E+000   0.00000E+000   0.00000E+000   0.26001E+007   0.00000E+000
      1800   0.00000E+000   0.29002E-002   0.13486E+002   0.77852E+006   0.00000E+000   0.00000E+000   0.00000E+000   0.00000E+000   0.26001E+007   0.00000E+000
      2400   0.00000E+000   0.38675E-002   0.17983E+002   0.77852E+006   0.00000E+000   0.00000E+000   0.00000E+000   0.00000E+000   0.26001E+007   0.00000E+000
      3000   0.00000E+000   0.48348E-002   0.22479E+002   0.77851E+006   0.00000E+000   0.00000E+000   0.00000E+000   0.00000E+000   0.26001E+007   0.00000E+000
      3600   0.00000E+000   0.58021E-002   0.26974E+002   0.77851E+006   0.00000E+000   0.00000E+000   0.00000E+000   0.00000E+000   0.26001E+007   0.00000E+000
      4200   0.00000E+000   0.67694E-002   0.43619E+005   0.76656E+006   0.00000E+000   0.00000E+000   0.94560E+004   0.86976E+004   0.25668E+007   0.00000E+000
      4800   0.00000E+000   0.77366E-002   0.52134E+005   0.76298E+006   0.00000E+000   0.00000E+000   0.85007E+004   0.11420E+005   0.25618E+007   0.00000E+000
      5400   0.00000E+000   0.87039E-002   0.67427E+005   0.75898E+006   0.00000E+000   0.00000E+000   0.12279E+005   0.14291E+005   0.25489E+007   0.00000E+000
      6000   0.00000E+000   0.96712E-002   0.78823E+005   0.75473E+006   0.00000E+000   0.00000E+000   0.13765E+005   0.16652E+005   0.25407E+007   0.00000E+000
      6600   0.00000E+000   0.10638E-001   0.10873E+006   0.74474E+006   0.00000E+000   0.00000E+000   0.18512E+005   0.22880E+005   0.25198E+007   0.00000E+000
      7200   0.00000E+000   0.11606E-001   0.10848E+006   0.74463E+006   0.00000E+000   0.00000E+000   0.18229E+005   0.22884E+005   0.25202E+007   0.00000E+000
      7800   0.00000E+000   0.12573E-001   0.10822E+006   0.74462E+006   0.00000E+000   0.00000E+000   0.18066E+005   0.22860E+005   0.25205E+007   0.00000E+000
      8400   0.00000E+000   0.13540E-001   0.11098E+006   0.74375E+006   0.00000E+000   0.00000E+000   0.18388E+005   0.23506E+005   0.25185E+007   0.00000E+000
      9000   0.00000E+000   0.14508E-001   0.12253E+006   0.74130E+006   0.00000E+000   0.00000E+000   0.21166E+005   0.25968E+005   0.25086E+007   0.00000E+000
      9600   0.00000E+000   0.15475E-001   0.13088E+006   0.73859E+006   0.00000E+000   0.00000E+000   0.22761E+005   0.27581E+005   0.25023E+007   0.00000E+000
     10200   0.00000E+000   0.16442E-001   0.13050E+006   0.73856E+006   0.00000E+000   0.00000E+000   0.22489E+005   0.27556E+005   0.25027E+007   0.00000E+000
     10800   0.00000E+000   0.17409E-001   0.13035E+006   0.73854E+006   0.00000E+000   0.00000E+000   0.22375E+005   0.27547E+005   0.25029E+007   0.00000E+000
     11400   0.00000E+000   0.18377E-001   0.14484E+006   0.73455E+006   0.00000E+000   0.00000E+000   0.25400E+005   0.30500E+005   0.24921E+007   0.00000E+000
     12000   0.00000E+000   0.19344E-001   0.14468E+006   0.73454E+006   0.00000E+000   0.00000E+000   0.25283E+005   0.30487E+005   0.24923E+007   0.00000E+000
     12600   0.00000E+000   0.20311E-001   0.14809E+006   0.73369E+006   0.00000E+000   0.00000E+000   0.26170E+005   0.31121E+005   0.24893E+007   0.00000E+000
     13200   0.00000E+000   0.21279E-001   0.14802E+006   0.73368E+006   0.00000E+000   0.00000E+000   0.26117E+005   0.31117E+005   0.24894E+007   0.00000E+000
     13800   0.00000E+000   0.22246E-001   0.14797E+006   0.73367E+006   0.00000E+000   0.00000E+000   0.26076E+005   0.31113E+005   0.24895E+007   0.00000E+000
     14400   0.00000E+000   0.23213E-001   0.14793E+006   0.73366E+006   0.00000E+000   0.00000E+000   0.26043E+005   0.31110E+005   0.24895E+007   0.00000E+000
     15000   0.00000E+000   0.24180E-001   0.17414E+006   0.72525E+006   0.00000E+000   0.00000E+000   0.30701E+005   0.36415E+005   0.24702E+007   0.00000E+000
     15600   0.00000E+000   0.25148E-001   0.17622E+006   0.72450E+006   0.00000E+000   0.00000E+000   0.31082E+005   0.36789E+005   0.24686E+007   0.00000E+000
     16200   0.00000E+000   0.26115E-001   0.19110E+006   0.72058E+006   0.00000E+000   0.00000E+000   0.34931E+005   0.39480E+005   0.24569E+007   0.00000E+000
     16800   0.00000E+000   0.27082E-001   0.19087E+006   0.72057E+006   0.00000E+000   0.00000E+000   0.34786E+005   0.39462E+005   0.24571E+007   0.00000E+000
     17400   0.00000E+000   0.28049E-001   0.19074E+006   0.72056E+006   0.00000E+000   0.00000E+000   0.34697E+005   0.39451E+005   0.24572E+007   0.00000E+000
     18000   0.00000E+000   0.29017E-001   0.19062E+006   0.72056E+006   0.00000E+000   0.00000E+000   0.34622E+005   0.39441E+005   0.24574E+007   0.00000E+000
     18600   0.00000E+000   0.29984E-001   0.19053E+006   0.72055E+006   0.00000E+000   0.00000E+000   0.34558E+005   0.39434E+005   0.24575E+007   0.00000E+000
     19200   0.00000E+000   0.30951E-001   0.19044E+006   0.72054E+006   0.00000E+000   0.00000E+000   0.34496E+005   0.39427E+005   0.24576E+007   0.00000E+000
     19800   0.00000E+000   0.31919E-001   0.19037E+006   0.72054E+006   0.00000E+000   0.00000E+000   0.34443E+005   0.39423E+005   0.24576E+007   0.00000E+000
     20400   0.00000E+000   0.32886E-001   0.19031E+006   0.72053E+006   0.00000E+000   0.00000E+000   0.34395E+005   0.39419E+005   0.24577E+007   0.00000E+000
     21000   0.00000E+000   0.33853E-001   0.19024E+006   0.72052E+006   0.00000E+000   0.00000E+000   0.34349E+005   0.39415E+005   0.24578E+007   0.00000E+000
     21600   0.00000E+000   0.34820E-001   0.19019E+006   0.72052E+006   0.00000E+000   0.00000E+000   0.34305E+005   0.39412E+005   0.24578E+007   0.00000E+000
     22200   0.00000E+000   0.35788E-001   0.19014E+006   0.72051E+006   0.00000E+000   0.00000E+000   0.34266E+005   0.39409E+005   0.24579E+007   0.00000E+000
     22800   0.00000E+000   0.36755E-001   0.19010E+006   0.72050E+006   0.00000E+000   0.00000E+000   0.34235E+005   0.39409E+005   0.24579E+007   0.00000E+000
     23400   0.00000E+000   0.37722E-001   0.19007E+006   0.72049E+006   0.00000E+000   0.00000E+000   0.34206E+005   0.39408E+005   0.24580E+007   0.00000E+000
     24000   0.00000E+000   0.38689E-001   0.19004E+006   0.72049E+006   0.00000E+000   0.00000E+000   0.34180E+005   0.39407E+005   0.24580E+007   0.00000E+000
     24600   0.00000E+000   0.39657E-001   0.19002E+006   0.72048E+006   0.00000E+000   0.00000E+000   0.34157E+005   0.39407E+005   0.24580E+007   0.00000E+000
     25200   0.00000E+000   0.40624E-001   0.19000E+006   0.72047E+006   0.00000E+000   0.00000E+000   0.34137E+005   0.39407E+005   0.24581E+007   0.00000E+000
     25800   0.00000E+000   0.41591E-001   0.18998E+006   0.72047E+006   0.00000E+000   0.00000E+000   0.34118E+005   0.39408E+005   0.24581E+007   0.00000E+000
     26400   0.00000E+000   0.42559E-001   0.18998E+006   0.72046E+006   0.00000E+000   0.00000E+000   0.34106E+005   0.39410E+005   0.24581E+007   0.00000E+000
     27000   0.00000E+000   0.43526E-001   0.18997E+006   0.72045E+006   0.00000E+000   0.00000E+000   0.34089E+005   0.39411E+005   0.24581E+007   0.00000E+000
     27600   0.00000E+000   0.44493E-001   0.18996E+006   0.72045E+006   0.00000E+000   0.00000E+000   0.34075E+005   0.39413E+005   0.24581E+007   0.00000E+000
     28200   0.00000E+000   0.45460E-001   0.18996E+006   0.72044E+006   0.00000E+000   0.00000E+000   0.34065E+005   0.39416E+005   0.24581E+007   0.00000E+000
     28800   0.00000E+000   0.46428E-001   0.20380E+006   0.71729E+006   0.00000E+000   0.00000E+000   0.37138E+005   0.41868E+005   0.24472E+007   0.24126E+001
     29400   0.54445E+000   0.47395E-001   0.21088E+006   0.71697E+006   0.00000E+000   0.00000E+000   0.37327E+005   0.43624E+005   0.24425E+007   0.72297E+001
     30000   0.15245E+001   0.48362E-001   0.28948E+006   0.68911E+006   0.00000E+000   0.00000E+000   0.50007E+005   0.59921E+005   0.23774E+007   0.12047E+002
     30600   0.26182E+001   0.49330E-001   0.30857E+006   0.67715E+006   0.00000E+000   0.00000E+000   0.54712E+005   0.63335E+005   0.23426E+007   0.15904E+002
     31200   0.36134E+001   0.50297E-001   0.29872E+006   0.67817E+006   0.00000E+000   0.00000E+000   0.52869E+005   0.61121E+005   0.23432E+007   0.19969E+002
     31800   0.42017E+001   0.51264E-001   0.33606E+006   0.66152E+006   0.00000E+000   0.00000E+000   0.55784E+005   0.70051E+005   0.23071E+007   0.25320E+002
     32400   0.47326E+001   0.52232E-001   0.38475E+006   0.63627E+006   0.00000E+000   0.00000E+000   0.64862E+005   0.80000E+005   0.22389E+007   0.35387E+002
     33000   0.11159E+002   0.53199E-001   0.41087E+006   0.63579E+006   0.00000E+000   0.00000E+000   0.68895E+005   0.82840E+005   0.22093E+007   0.77264E+002
     33600   0.50926E+002   0.54166E-001   0.45127E+006   0.64627E+006   0.00000E+000   0.00000E+000   0.72026E+005   0.86856E+005   0.21943E+007   0.15008E+003
     34200   0.15099E+003   0.55133E-001   0.24701E+006   0.64354E+006   0.37431E+000   0.24955E+000   0.27049E+005   0.41813E+005   0.22124E+007   0.22692E+003
     34800   0.47904E+003   0.56100E-001   0.24994E+006   0.64993E+006   0.19255E+001   0.13498E+001   0.27008E+005   0.38230E+005   0.21887E+007   0.30409E+003
     35400   0.14436E+004   0.57067E-001   0.24093E+006   0.66189E+006   0.64968E+001   0.53838E+001   0.21637E+005   0.33028E+005   0.21874E+007   0.38140E+003
     36000   0.61074E+004   0.58032E-001   0.25222E+006   0.67419E+006   0.32106E+002   0.27780E+003   0.21052E+005   0.31411E+005   0.21766E+007   0.47333E+003
     36600   0.22129E+005   0.58990E-001   0.26550E+006   0.68514E+006   0.15487E+003   0.33486E+004   0.21696E+005   0.28957E+005   0.21599E+007   0.58332E+003
     37200   0.39112E+005   0.59939E-001   0.27827E+006   0.68935E+006   0.27674E+003   0.61559E+004   0.23022E+005   0.27196E+005   0.21350E+007   0.69965E+003
     37800   0.54220E+005   0.60882E-001   0.27718E+006   0.69842E+006   0.36860E+003   0.76673E+004   0.21641E+005   0.24245E+005   0.21214E+007   0.82277E+003
     38400   0.71932E+005   0.61819E-001   0.29138E+006   0.70296E+006   0.46574E+003   0.87294E+004   0.22277E+005   0.24381E+005   0.21000E+007   0.95625E+003
     39000   0.96294E+005   0.62749E-001   0.29557E+006   0.70627E+006   0.59159E+003   0.96293E+004   0.22011E+005   0.23549E+005   0.20812E+007   0.11015E+004
     39600   0.12839E+006   0.63669E-001   0.29303E+006   0.70882E+006   0.75149E+003   0.10371E+005   0.21274E+005   0.22053E+005   0.20645E+007   0.12519E+004
     40200   0.16434E+006   0.64576E-001   0.30040E+006   0.70973E+006   0.92777E+003   0.10993E+005   0.21629E+005   0.21877E+005   0.20458E+007   0.14015E+004
     40800   0.20157E+006   0.65469E-001   0.28376E+006   0.71386E+006   0.11085E+004   0.11490E+005   0.18903E+005   0.19116E+005   0.20371E+007   0.15497E+004
     41400   0.23864E+006   0.66350E-001   0.27598E+006   0.71741E+006   0.12868E+004   0.11857E+005   0.17718E+005   0.17322E+005   0.20272E+007   0.16951E+004
     42000   0.27427E+006   0.67218E-001   0.27148E+006   0.72027E+006   0.14576E+004   0.12170E+005   0.16736E+005   0.15741E+005   0.20174E+007   0.18370E+004
     42600   0.30769E+006   0.68075E-001   0.27722E+006   0.72079E+006   0.16178E+004   0.12451E+005   0.17923E+005   0.16009E+005   0.20022E+007   0.19762E+004
     43200   0.33909E+006   0.68921E-001   0.25223E+006   0.72123E+006   0.17680E+004   0.12700E+005   0.16315E+005   0.14543E+005   0.19951E+007   0.20715E+004
     43800   0.36878E+006   0.69758E-001   0.20484E+006   0.72032E+006   0.19100E+004   0.12931E+005   0.13579E+005   0.12339E+005   0.19933E+007   0.21109E+004
     44400   0.39467E+006   0.70588E-001   0.16521E+006   0.71985E+006   0.20339E+004   0.13131E+005   0.11458E+005   0.10518E+005   0.19935E+007   0.21338E+004
     45000   0.41462E+006   0.71410E-001   0.13796E+006   0.71969E+006   0.21292E+004   0.13279E+005   0.99842E+004   0.92110E+004   0.19939E+007   0.21511E+004
     45600   0.42835E+006   0.72228E-001   0.11875E+006   0.71986E+006   0.21949E+004   0.13383E+005   0.89755E+004   0.82660E+004   0.19942E+007   0.21624E+004
     46200   0.43611E+006   0.73042E-001   0.10532E+006   0.71996E+006   0.22321E+004   0.13452E+005   0.82725E+004   0.75832E+004   0.19945E+007   0.21673E+004
     46800   0.44012E+006   0.73855E-001   0.95786E+005   0.71988E+006   0.22514E+004   0.13499E+005   0.77278E+004   0.70526E+004   0.19947E+007   0.21685E+004
     47400   0.44239E+006   0.74667E-001   0.88786E+005   0.71981E+006   0.22625E+004   0.13533E+005   0.72971E+004   0.66287E+004   0.19949E+007   0.21689E+004
     48000   0.44385E+006   0.75479E-001   0.83418E+005   0.71976E+006   0.22697E+004   0.13560E+005   0.69506E+004   0.62839E+004   0.19950E+007   0.21689E+004
     48600   0.44491E+006   0.76291E-001   0.79185E+005   0.71972E+006   0.22749E+004   0.13581E+005   0.66741E+004   0.60003E+004   0.19952E+007   0.21689E+004
     49200   0.44572E+006   0.77102E-001   0.75732E+005   0.71968E+006   0.22789E+004   0.13598E+005   0.64484E+004   0.57626E+004   0.19953E+007   0.21689E+004
     49800   0.44636E+006   0.77913E-001   0.72886E+005   0.71965E+006   0.22821E+004   0.13612E+005   0.62590E+004   0.55610E+004   0.19953E+007   0.21689E+004
     50400   0.44687E+006   0.78725E-001   0.70541E+005   0.71961E+006   0.22847E+004   0.13623E+005   0.61007E+004   0.53920E+004   0.19954E+007   0.21689E+004
     51000   0.44730E+006   0.79536E-001   0.68542E+005   0.71958E+006   0.22868E+004   0.13632E+005   0.59576E+004   0.52470E+004   0.19955E+007   0.21689E+004
     51600   0.44765E+006   0.80347E-001   0.66819E+005   0.71956E+006   0.22885E+004   0.13640E+005   0.58363E+004   0.51207E+004   0.19955E+007   0.21689E+004
     52200   0.44795E+006   0.81158E-001   0.65296E+005   0.71953E+006   0.22900E+004   0.13646E+005   0.57292E+004   0.50078E+004   0.19956E+007   0.21689E+004
     52800   0.44820E+006   0.81969E-001   0.63945E+005   0.71950E+006   0.22913E+004   0.13652E+005   0.56346E+004   0.49067E+004   0.19956E+007   0.21689E+004
     53400   0.44843E+006   0.82780E-001   0.62736E+005   0.71948E+006   0.22924E+004   0.13657E+005   0.55477E+004   0.48158E+004   0.19957E+007   0.21689E+004
     54000   0.44862E+006   0.83591E-001   0.61630E+005   0.71946E+006   0.22934E+004   0.13661E+005   0.54573E+004   0.47328E+004   0.19957E+007   0.21689E+004
     54600   0.44879E+006   0.84401E-001   0.60624E+005   0.71943E+006   0.22942E+004   0.13665E+005   0.53690E+004   0.46575E+004   0.19958E+007   0.21689E+004
     55200   0.44894E+006   0.85212E-001   0.59670E+005   0.71941E+006   0.22950E+004   0.13668E+005   0.52871E+004   0.45849E+004   0.19958E+007   0.21689E+004
     55800   0.44907E+006   0.86023E-001   0.58652E+005   0.71939E+006   0.22956E+004   0.13671E+005   0.52060E+004   0.45045E+004   0.19959E+007   0.21689E+004
     56400   0.44920E+006   0.86834E-001   0.57677E+005   0.71936E+006   0.22962E+004   0.13674E+005   0.51321E+004   0.44263E+004   0.19959E+007   0.21689E+004
     57000   0.44930E+006   0.87644E-001   0.56808E+005   0.71934E+006   0.22968E+004   0.13677E+005   0.50635E+004   0.43565E+004   0.19959E+007   0.21689E+004
     57600   0.44940E+006   0.88455E-001   0.56039E+005   0.71932E+006   0.22972E+004   0.13679E+005   0.50036E+004   0.42949E+004   0.19960E+007   0.21689E+004
     58200   0.44949E+006   0.89266E-001   0.55346E+005   0.71930E+006   0.22977E+004   0.13681E+005   0.49496E+004   0.42394E+004   0.19960E+007   0.21689E+004
     58800   0.44957E+006   0.90077E-001   0.54713E+005   0.71928E+006   0.22981E+004   0.13683E+005   0.49011E+004   0.41885E+004   0.19960E+007   0.21689E+004
     59400   0.44964E+006   0.90887E-001   0.54120E+005   0.71926E+006   0.22985E+004   0.13684E+005   0.48568E+004   0.41405E+004   0.19960E+007   0.21689E+004
     60000   0.44971E+006   0.91698E-001   0.53571E+005   0.71924E+006   0.22988E+004   0.13686E+005   0.48157E+004   0.40961E+004   0.19960E+007   0.21689E+004
     60600   0.44977E+006   0.92509E-001   0.53068E+005   0.71922E+006   0.22991E+004   0.13687E+005   0.47778E+004   0.40553E+004   0.19960E+007   0.21689E+004
     61200   0.44983E+006   0.93319E-001   0.52610E+005   0.71920E+006   0.22994E+004   0.13689E+005   0.47431E+004   0.40184E+004   0.19960E+007   0.21689E+004
     61800   0.44988E+006   0.94130E-001   0.52193E+005   0.71918E+006   0.22996E+004   0.13690E+005   0.47113E+004   0.39847E+004   0.19961E+007   0.21689E+004
     62400   0.44993E+006   0.94941E-001   0.51809E+005   0.71916E+006   0.22999E+004   0.13691E+005   0.46824E+004   0.39537E+004   0.19961E+007   0.21689E+004
     63000   0.44998E+006   0.95751E-001   0.51446E+005   0.71914E+006   0.23001E+004   0.13692E+005   0.46546E+004   0.39241E+004   0.19961E+007   0.21689E+004
     63600   0.45002E+006   0.96562E-001   0.51102E+005   0.71912E+006   0.23003E+004   0.13693E+005   0.46288E+004   0.38958E+004   0.19961E+007   0.21689E+004
     64200   0.45006E+006   0.97372E-001   0.50778E+005   0.71910E+006   0.23005E+004   0.13694E+005   0.46043E+004   0.38691E+004   0.19961E+007   0.21689E+004
     64800   0.45010E+006   0.98183E-001   0.50472E+005   0.71908E+006   0.23007E+004   0.13695E+005   0.45806E+004   0.38438E+004   0.19961E+007   0.21689E+004
     65400   0.45013E+006   0.98994E-001   0.50186E+005   0.71906E+006   0.23009E+004   0.13695E+005   0.45583E+004   0.38202E+004   0.19961E+007   0.21689E+004
     66000   0.45016E+006   0.99804E-001   0.49919E+005   0.71904E+006   0.23010E+004   0.13696E+005   0.45377E+004   0.37982E+004   0.19961E+007   0.21689E+004
     66600   0.45019E+006   0.10061E+000   0.49667E+005   0.71902E+006   0.23012E+004   0.13697E+005   0.45182E+004   0.37775E+004   0.19961E+007   0.21689E+004
     67200   0.45022E+006   0.10143E+000   0.49428E+005   0.71900E+006   0.23013E+004   0.13698E+005   0.44993E+004   0.37575E+004   0.19961E+007   0.21689E+004
     67800   0.45025E+006   0.10224E+000   0.49201E+005   0.71898E+006   0.23015E+004   0.13698E+005   0.44820E+004   0.37386E+004   0.19961E+007   0.21689E+004
     68400   0.45027E+006   0.10305E+000   0.48982E+005   0.71896E+006   0.23016E+004   0.13699E+005   0.44649E+004   0.37203E+004   0.19961E+007   0.21689E+004
     69000   0.45030E+006   0.10386E+000   0.48770E+005   0.71894E+006   0.23017E+004   0.13699E+005   0.44487E+004   0.37025E+004   0.19961E+007   0.21689E+004
     69600   0.45032E+006   0.10467E+000   0.48567E+005   0.71892E+006   0.23018E+004   0.13700E+005   0.44328E+004   0.36854E+004   0.19961E+007   0.21689E+004
     70200   0.45034E+006   0.10548E+000   0.48375E+005   0.71890E+006   0.23019E+004   0.13700E+005   0.44180E+004   0.36691E+004   0.19961E+007   0.21689E+004
     70800   0.45036E+006   0.10629E+000   0.48193E+005   0.71889E+006   0.23020E+004   0.13701E+005   0.44042E+004   0.36536E+004   0.19961E+007   0.21689E+004
     71400   0.45038E+006   0.10710E+000   0.48020E+005   0.71887E+006   0.23021E+004   0.13701E+005   0.43910E+004   0.36389E+004   0.19961E+007   0.21689E+004
     72000   0.45040E+006   0.10791E+000   0.47854E+005   0.71885E+006   0.23022E+004   0.13702E+005   0.43780E+004   0.36248E+004   0.19961E+007   0.21689E+004
     72600   0.45041E+006   0.10872E+000   0.47696E+005   0.71883E+006   0.23023E+004   0.13702E+005   0.43658E+004   0.36113E+004   0.19961E+007   0.21689E+004
     73200   0.45043E+006   0.10953E+000   0.47543E+005   0.71881E+006   0.23024E+004   0.13703E+005   0.43540E+004   0.35982E+004   0.19961E+007   0.21689E+004
     73800   0.45045E+006   0.11034E+000   0.47395E+005   0.71879E+006   0.23025E+004   0.13703E+005   0.43425E+004   0.35854E+004   0.19961E+007   0.21689E+004
     74400   0.45046E+006   0.11115E+000   0.47253E+005   0.71877E+006   0.23025E+004   0.13703E+005   0.43314E+004   0.35731E+004   0.19961E+007   0.21689E+004
     75000   0.45047E+006   0.11196E+000   0.47117E+005   0.71875E+006   0.23026E+004   0.13704E+005   0.43209E+004   0.35613E+004   0.19961E+007   0.21689E+004
     75600   0.45049E+006   0.11277E+000   0.46988E+005   0.71873E+006   0.23027E+004   0.13704E+005   0.43107E+004   0.35501E+004   0.19961E+007   0.21689E+004
     76200   0.45050E+006   0.11358E+000   0.46866E+005   0.71872E+006   0.23027E+004   0.13704E+005   0.43011E+004   0.35395E+004   0.19961E+007   0.21689E+004
     76800   0.45051E+006   0.11439E+000   0.46748E+005   0.71870E+006   0.23028E+004   0.13705E+005   0.42916E+004   0.35292E+004   0.19961E+007   0.21689E+004
     77400   0.45052E+006   0.11520E+000   0.46634E+005   0.71868E+006   0.23028E+004   0.13705E+005   0.42826E+004   0.35193E+004   0.19961E+007   0.21689E+004
     78000   0.45053E+006   0.11602E+000   0.46523E+005   0.71866E+006   0.23029E+004   0.13705E+005   0.42738E+004   0.35096E+004   0.19961E+007   0.21689E+004
     78600   0.45055E+006   0.11683E+000   0.46416E+005   0.71864E+006   0.23029E+004   0.13705E+005   0.42653E+004   0.35002E+004   0.19961E+007   0.21689E+004
     79200   0.45056E+006   0.11764E+000   0.46313E+005   0.71862E+006   0.23030E+004   0.13706E+005   0.42570E+004   0.34911E+004   0.19961E+007   0.21689E+004
     79800   0.45056E+006   0.11845E+000   0.46212E+005   0.71860E+006   0.23030E+004   0.13706E+005   0.42490E+004   0.34822E+004   0.19961E+007   0.21689E+004
     80400   0.45057E+006   0.11926E+000   0.46115E+005   0.71859E+006   0.23031E+004   0.13706E+005   0.42412E+004   0.34736E+004   0.19961E+007   0.21689E+004
     81000   0.45058E+006   0.12007E+000   0.46021E+005   0.71857E+006   0.23031E+004   0.13706E+005   0.42336E+004   0.34652E+004   0.19961E+007   0.21689E+004
     81600   0.45059E+006   0.12088E+000   0.45929E+005   0.71855E+006   0.23032E+004   0.13706E+005   0.42263E+004   0.34571E+004   0.19961E+007   0.21689E+004
     82200   0.45060E+006   0.12169E+000   0.45841E+005   0.71853E+006   0.23032E+004   0.13707E+005   0.42192E+004   0.34491E+004   0.19961E+007   0.21689E+004
     82800   0.45061E+006   0.12250E+000   0.45754E+005   0.71851E+006   0.23033E+004   0.13707E+005   0.42123E+004   0.34414E+004   0.19961E+007   0.21689E+004
     83400   0.45061E+006   0.12331E+000   0.45670E+005   0.71849E+006   0.23033E+004   0.13707E+005   0.42055E+004   0.34338E+004   0.19961E+007   0.21689E+004
     84000   0.45062E+006   0.12412E+000   0.45589E+005   0.71848E+006   0.23033E+004   0.13707E+005   0.41990E+004   0.34265E+004   0.19961E+007   0.21689E+004
     84600   0.45063E+006   0.12493E+000   0.45510E+005   0.71846E+006   0.23034E+004   0.13707E+005   0.41926E+004   0.34193E+004   0.19961E+007   0.21689E+004
     85200   0.45064E+006   0.12574E+000   0.45433E+005   0.71844E+006   0.23034E+004   0.13708E+005   0.41865E+004   0.34124E+004   0.19961E+007   0.21689E+004
     85800   0.45064E+006   0.12655E+000   0.45359E+005   0.71842E+006   0.23034E+004   0.13708E+005   0.41807E+004   0.34057E+004   0.19961E+007   0.21689E+004
     86400   0.45065E+006   0.12736E+000   0.45288E+005   0.71840E+006   0.23035E+004   0.13708E+005   0.41750E+004   0.33993E+004   0.19961E+007   0.21689E+004
