   id          hs
    1     1.93312
    2     1.94209
    3     1.95431
    4     1.49671
    5     2.00000
    6     1.98766
    7     2.00000
    8     1.96345
    9     1.86544
   10     1.12840
   11     1.36278
   12     1.96865
   13     1.94276
   14     1.57131
   15     0.87705
   16     1.44834
   17     2.00000
   18     1.84460
   19     2.00000
   20     1.03742
   21     1.97210
   22     1.98662
   23     0.83607
   24     1.27083
   25     1.22573
   26     2.00000
   27     1.96896
   28     1.97355
   29     0.64229
   30     1.61994
   31     0.88991
   32     1.14919
   33     1.96387
   34     1.38605
   35     1.03384
   36     0.63493
   37     0.33771
   38     1.27074
   39     1.94675
   40     1.49212
   41     1.47265
   42     1.97949
   43     1.31123
   44     1.26191
   45     1.19844
   46     1.10649
   47     1.72726
   48     1.97093
   49     1.41993
   50     1.99157
   51     1.97313
   52     0.57050
   53     2.00000
   54     1.76050
   55     1.97369
   56     1.93905
   57     2.00000
   58     1.00848
   59     1.08128
   60     1.63505
   61     1.41620
   62     2.00000
   63     1.83594
   64     1.99955
   65     2.00000
   66     1.98131
   67     1.21092
   68     2.00000
   69     1.99550
   70     2.00000
   71     1.24288
   72     1.96186
   73     1.94480
   74     1.61949
   75     1.75962
   76     1.78537
   77     1.54215
   78     2.00000
   79     1.51355
   80     2.00000
   81     0.83646
   82     1.15311
   83     1.99198
   84     1.46512
   85     1.98680
   86     1.93782
   87     1.18906
   88     2.00000
   89     1.97178
   90     1.81133
   91     1.03187
   92     1.55337
   93     1.95283
   94     1.93645
   95     1.33162
   96     2.00000
   97     1.49298
   98     1.80063
   99     1.97321
  100     1.11457
  101     0.99309
  102     1.62510
  103     1.71678
  104     1.97217
  105     1.62359
  106     0.87011
  107     1.55453
  108     1.08500
  109     1.03587
  110     1.98915
  111     0.86017
  112     0.93655
  113     1.36608
  114     2.00000
  115     1.32368
  116     1.22322
  117     1.11754
  118     1.26797
  119     1.98282
  120     1.51039
  121     1.46812
  122     1.64204
  123     1.63203
  124     1.71254
  125     1.95256
  126     1.01171
  127     0.80171
  128     1.53911
  129     2.00000
  130     1.73965
  131     1.09996
  132     1.98162
  133     1.93023
  134     1.87054
  135     1.52808
  136     1.72140
  137     1.09525
  138     0.69429
  139     1.27136
  140     1.62835
  141     1.78276
  142     1.99394
  143     1.97357
  144     1.96815
  145     1.74968
  146     1.99590
  147     1.02673
  148     1.70546
  149     1.56479
  150     1.13830
  151     1.23581
  152     1.96288
  153     2.00000
  154     2.00000
  155     1.99029
  156     1.50454
  157     0.67810
  158     1.98787
  159     1.93352
  160     0.70149
  161     0.80609
  162     1.96963
  163     1.97793
  164     1.86254
  165     1.95380
  166     1.32766
  167     1.97564
  168     2.00000
  169     1.98176
  170     0.64581
  171     1.31332
  172     1.99320
  173     2.00000
  174     1.07477
  175     1.97296
  176     0.65632
  177     0.95684
  178     0.65726
  179     1.77539
  180     1.95176
  181     1.98790
  182     1.17999
  183     1.14424
  184     1.75367
  185     1.85014
  186     1.42208
  187     2.00000
  188     1.09172
  189     0.98484
  190     1.98690
  191     1.13464
  192     1.13542
  193     0.69523
  194     1.96809
  195     1.95468
  196     1.04966
  197     0.56905
  198     0.46527
  199     1.97720
  200     1.96640
  201     1.54725
  202     0.38094
  203     1.06494
  204     1.97336
  205     2.00000
  206     2.00000
  207     2.00000
  208     0.71875
  209     1.99986
  210     1.97100
  211     1.95659
  212     1.96610
  213     1.35965
  214     1.98916
  215     2.00000
  216     2.00000
  217     1.28296
  218     0.59646
  219     2.00000
  220     0.99505
  221     2.00000
  222     1.95048
  223     1.05909
  224     1.98718
  225     0.64350
  226     0.85000
  227     2.00000
  228     1.69896
  229     1.79166
  230     1.79655
  231     2.00000
  232     2.00000
  233     0.73512
  234     1.95270
  235     1.65909
  236     1.75599
  237     1.97049
  238     1.00358
  239     2.00000
  240     1.99486
  241     1.97908
  242     1.72375
  243     1.13299
  244     1.71656
  245     1.97103
  246     2.00000
  247     1.32433
  248     1.62722
  249     1.98787
  250     1.88468
  251     1.39136
  252     1.85547
  253     1.97885
  254     1.22413
  255     1.66893
  256     1.38995
  257     1.24459
  258     1.99532
  259     2.00000
  260     1.96621
  261     1.99986
  262     1.99068
  263     1.76716
  264     1.98776
  265     2.00000
  266     1.93735
  267     0.86021
  268     1.30265
  269     0.81459
  270     1.99924
  271     1.29764
  272     2.00000
  273     1.96245
  274     1.31796
  275     1.94641
  276     2.00000
  277     0.94045
  278     1.76626
  279     1.53462
  280     1.52982
  281     1.69501
  282     2.00000
  283     1.99860
  284     2.00000
  285     1.76596
  286     1.99283
  287     1.76319
  288     1.32874
  289     1.75021
  290     1.99939
  291     2.00000
  292     1.55960
  293     1.85149
  294     1.97750
  295     1.99159
  296     0.95081
  297     1.93354
  298     1.94540
  299     1.44226
  300     1.43372
  301     1.75092
  302     1.98312
  303     1.63226
  304     1.98160
  305     2.00000
  306     2.00000
  307     1.98492
  308     1.34382
  309     1.83314
  310     1.99358
  311     2.00000
  312     2.00000
  313     1.34541
  314     1.97501
  315     1.99737
  316     1.03363
  317     2.00000
  318     1.58929
  319     0.71072
  320     1.27324
  321     1.17144
  322     1.27997
  323     0.67822
  324     1.05435
  325     1.94003
  326     1.69189
  327     1.51573
  328     1.84774
  329     1.93253
  330     1.37729
  331     1.69462
  332     1.66683
  333     2.00000
  334     1.39427
  335     1.98561
  336     1.75505
  337     1.98989
  338     0.81201
  339     1.35469
  340     1.94931
  341     2.00000
  342     1.94854
  343     1.07221
  344     1.25393
  345     2.00000
  346     1.98641
  347     1.42835
  348     1.80152
  349     1.82392
  350     1.22863
  351     2.00000
  352     1.68900
  353     1.16877
  354     1.72208
  355     2.00000
  356     1.41181
  357     1.40232
  358     1.99673
  359     1.88621
  360     0.69102
  361     1.69046
  362     1.49931
  363     1.43752
  364     1.02828
  365     1.96207
  366     1.38113
  367     1.99209
  368     1.88019
  369     1.99209
  370     1.39251
  371     1.43279
  372     1.97655
  373     1.79289
  374     1.69143
  375     2.00000
  376     1.15793
  377     2.00000
  378     0.44384
  379     1.23799
  380     1.64807
  381     1.15669
  382     1.78365
  383     1.09579
  384     1.94208
  385     1.15431
  386     1.98237
  387     2.00000
  388     1.95399
  389     1.71644
  390     1.10460
  391     1.04444
  392     1.99737
  393     1.81134
  394     1.37504
  395     1.68516
  396     0.92823
  397     2.00000
  398     1.99950
  399     1.42561
  400     0.82517
  401     1.21820
  402     1.39533
  403     1.73304
  404     1.94400
  405     1.98889
  406     2.00000
  407     1.35702
  408     1.95951
  409     1.76147
  410     0.78616
  411     1.78245
  412     1.60214
  413     1.98003
  414     1.49709
  415     1.29153
  416     2.00000
  417     1.99031
  418     1.98315
  419     0.88906
  420     1.50898
  421     2.00000
  422     1.96108
  423     1.99833
  424     0.76826
  425     1.98837
  426     1.93997
  427     2.00000
  428     1.82692
  429     1.99365
  430     1.38601
  431     1.26822
  432     0.75268
  433     1.13392
  434     1.13156
  435     1.96967
  436     1.09717
  437     0.72420
  438     0.71165
  439     0.73834
  440     2.00000
  441     1.00267
  442     1.98464
  443     1.98206
  444     2.00000
  445     1.12724
  446     1.98807
  447     1.17132
  448     1.96692
  449     1.16243
  450     0.63545
  451     1.99148
  452     1.16403
  453     1.63283
  454     1.99630
  455     1.00490
  456     1.12818
  457     1.96181
  458     1.32421
  459     0.84282
  460     1.35706
  461     1.63399
  462     0.95324
  463     0.62832
  464     1.25293
  465     0.53107
  466     0.74020
  467     1.96789
  468     1.84434
  469     0.94996
  470     2.00000
  471     1.53563
  472     0.89559
  473     1.99775
  474     2.00000
  475     1.53348
  476     0.71070
  477     1.38248
  478     1.42488
  479     1.86672
  480     1.97986
  481     2.00000
  482     2.00000
  483     1.94569
  484     2.00000
  485     1.26704
  486     2.00000
  487     1.96988
  488     2.00000
  489     0.95484
  490     1.97701
  491     1.14489
  492     1.30673
  493     0.89991
  494     1.99222
  495     1.98882
  496     1.98976
  497     1.54000
  498     0.73740
  499     0.55096
  500     1.55752
  501     1.82969
  502     1.99759
  503     0.88989
  504     2.00000
  505     1.99840
  506     1.47358
  507     1.90747
  508     1.23972
  509     1.96712
  510     1.76483
  511     1.97523
  512     2.00000
  513     1.31089
  514     1.88351
  515     1.91175
  516     1.99322
  517     1.18398
  518     0.83317
  519     0.61885
  520     1.33027
  521     1.65876
  522     2.00000
  523     2.00000
  524     1.95806
  525     0.66493
  526     0.74469
  527     1.94511
  528     1.69022
  529     2.00000
  530     1.07242
  531     1.94092
  532     1.54447
  533     1.44933
  534     1.97199
  535     2.00000
  536     2.00000
  537     1.93979
  538     1.77879
  539     1.91848
  540     1.70370
  541     2.00000
  542     1.99907
  543     2.00000
  544     1.99457
  545     2.00000
  546     1.46396
  547     1.85895
  548     1.36579
  549     1.59210
  550     1.20843
  551     1.63574
  552     0.63933
  553     1.84484
  554     1.21957
  555     1.98825
  556     1.61959
  557     1.98422
  558     1.11898
  559     0.94902
  560     1.01740
  561     1.11196
  562     1.99891
  563     1.85805
  564     1.66193
  565     1.59451
  566     1.65735
  567     2.00000
  568     1.52554
  569     1.99824
  570     0.46229
  571     0.83555
  572     1.56602
  573     1.99619
  574     1.28207
  575     1.97689
  576     1.39649
  577     1.99834
  578     1.98850
  579     1.15370
  580     1.90622
  581     0.97543
  582     1.94737
  583     2.00000
  584     1.85846
  585     1.66363
  586     1.34214
  587     1.87309
  588     0.44686
  589     1.99542
  590     1.99909
  591     1.22016
  592     1.49440
  593     1.97329
  594     1.98617
  595     1.78869
  596     0.88917
  597     1.97770
  598     1.98439
  599     1.25055
  600     1.07084
  601     1.58753
  602     1.62724
  603     1.99883
  604     0.56644
  605     1.20426
  606     1.98579
  607     1.97594
  608     0.76085
  609     1.99868
  610     0.79058
  611     1.61105
  612     1.31812
  613     1.97553
  614     1.58707
  615     1.46292
  616     1.54756
  617     2.00000
  618     1.42371
  619     1.98363
  620     0.86586
  621     1.13943
  622     1.99329
  623     1.66019
  624     1.97638
  625     0.91176
  626     0.54773
  627     0.81801
  628     0.60659
  629     1.97478
  630     1.95896
  631     1.26655
  632     1.99224
  633     1.65540
  634     1.31015
  635     1.22936
  636     1.68350
  637     1.93275
  638     2.00000
  639     1.58477
  640     0.97149
  641     1.18080
  642     0.67417
  643     1.49580
  644     0.32190
  645     0.43869
  646     1.44251
  647     1.88474
  648     0.72713
  649     0.31997
  650     1.89021
  651     1.97447
  652     1.99377
  653     1.11666
  654     0.85759
  655     1.36347
  656     2.00000
  657     1.99033
  658     1.38511
  659     0.80406
  660     1.56413
  661     0.91820
  662     1.99949
  663     1.72308
  664     1.90419
  665     1.99329
  666     2.00000
  667     1.99050
  668     1.99150
  669     2.00000
  670     0.98258
  671     1.97257
  672     1.98535
  673     1.09612
  674     1.40194
  675     1.28499
  676     1.39238
  677     0.92478
  678     1.75595
  679     0.64641
  680     1.82519
  681     0.60586
  682     1.99625
  683     0.95315
  684     1.11748
  685     2.00000
  686     1.87234
  687     1.44608
  688     1.74240
  689     0.78850
  690     1.98276
  691     1.54519
  692     1.97058
  693     2.00000
  694     0.96022
  695     1.01991
  696     1.30343
  697     0.51752
  698     1.19658
  699     1.41555
  700     2.00000
  701     1.99617
  702     0.91927
  703     2.00000
  704     0.99124
  705     1.20062
  706     1.42012
  707     1.08688
  708     0.96886
  709     1.47168
  710     1.15323
  711     0.81829
  712     1.79437
  713     1.91503
  714     1.41913
  715     1.99033
  716     0.71678
  717     1.99456
  718     1.97039
  719     1.98847
  720     1.99654
  721     1.25757
  722     1.66957
  723     1.24039
  724     1.54304
  725     1.99049
  726     1.12591
  727     0.79975
  728     1.80614
  729     0.63275
  730     1.27422
  731     0.96639
  732     1.99202
  733     2.00000
  734     1.97483
  735     2.00000
  736     1.99905
  737     1.31477
  738     0.81673
  739     1.99385
  740     1.18404
  741     1.98998
  742     1.49377
  743     1.35998
  744     1.64130
  745     0.73063
  746     0.72696
  747     1.99116
  748     1.85714
  749     1.90122
  750     1.97743
  751     2.00000
  752     1.99284
  753     2.00000
  754     1.38834
  755     2.00000
  756     1.72351
  757     2.00000
  758     0.72102
  759     1.28098
  760     1.52603
  761     0.94029
  762     1.23676
  763     1.09044
  764     1.31093
  765     1.98709
  766     0.98621
  767     1.78446
  768     1.75979
  769     2.00000
  770     1.96222
  771     1.98998
  772     1.53927
  773     1.24210
  774     1.97604
  775     2.00000
  776     0.64523
  777     1.92393
  778     1.34673
  779     1.77010
  780     2.00000
  781     1.19931
  782     1.66721
  783     1.70047
  784     1.94167
  785     1.78643
  786     2.00000
  787     0.91633
  788     2.00000
  789     1.80822
  790     0.83443
  791     0.61764
  792     1.72223
  793     1.28018
  794     1.35992
  795     2.00000
  796     1.99536
  797     0.90325
  798     0.98709
  799     1.56550
  800     1.75924
  801     1.73451
  802     1.61348
  803     1.79667
  804     1.98965
  805     1.07891
  806     1.00964
  807     2.00000
  808     1.37012
  809     1.09472
  810     1.98160
  811     1.98830
  812     1.18818
  813     1.58566
  814     1.06617
  815     1.12991
  816     1.99365
  817     1.98720
  818     1.71471
  819     1.50759
  820     1.50211
  821     1.79211
  822     1.32167
  823     1.20172
  824     1.95683
  825     1.31352
  826     0.73423
  827     1.32474
  828     1.88669
  829     1.61308
  830     1.99998
  831     0.99104
  832     1.61571
  833     1.55679
  834     1.81009
  835     1.04964
  836     0.61225
  837     0.58674
  838     0.74444
  839     1.99306
  840     1.47844
  841     0.72276
  842     1.99014
  843     1.49710
  844     1.99336
  845     1.32324
  846     1.01798
  847     1.04789
  848     1.70561
  849     1.30196
  850     2.00000
  851     0.74054
  852     0.98493
  853     1.88196
  854     1.35591
  855     1.99915
  856     1.99260
  857     1.03736
  858     2.00000
  859     0.74250
  860     1.99638
  861     0.60932
  862     2.00000
  863     1.29413
  864     1.98461
  865     1.69365
  866     0.65462
  867     0.97039
  868     1.99731
  869     1.02924
  870     0.43785
  871     1.99284
  872     0.75948
  873     1.23888
  874     1.92424
  875     1.72935
  876     1.99909
  877     1.54692
  878     1.03321
  879     1.18702
  880     1.22393
  881     1.74140
  882     1.98372
  883     1.67666
  884     0.82931
  885     1.49376
  886     1.55326
  887     1.99013
  888     2.00000
  889     2.00000
  890     1.99130
  891     1.99837
  892     1.99168
  893     1.90101
  894     0.63585
  895     1.71047
  896     1.98848
  897     1.02754
  898     1.16744
  899     1.99878
  900     0.88256
  901     1.33910
  902     1.99607
  903     1.30681
  904     1.34414
  905     1.09974
  906     1.99713
  907     1.34510
  908     1.43548
  909     1.19934
  910     1.99130
  911     1.43768
  912     1.15858
  913     0.45486
  914     1.13764
  915     1.01168
  916     1.03865
  917     0.90684
  918     1.97866
  919     1.67104
  920     1.98042
  921     1.98380
  922     1.13302
  923     1.21027
  924     2.00000
  925     1.32868
  926     1.49430
  927     1.99953
  928     1.15627
  929     1.52167
  930     1.98860
  931     0.83486
  932     1.99056
  933     1.96455
  934     1.33895
  935     1.11908
  936     1.99541
  937     1.67654
  938     1.78853
  939     0.88379
  940     1.86547
  941     1.99586
  942     1.98562
  943     0.50761
  944     1.58287
  945     1.54403
  946     2.00000
  947     1.01014
  948     2.00000
  949     1.65288
  950     1.20056
  951     1.66393
  952     0.80694
  953     1.31413
  954     1.22191
  955     1.99921
  956     1.37015
  957     0.62591
  958     1.17128
  959     1.38648
  960     1.76354
  961     1.81510
  962     1.56254
  963     1.99109
  964     0.70190
  965     0.83419
  966     1.98968
  967     0.73233
  968     1.41226
  969     0.83401
  970     0.88105
  971     1.86320
  972     1.64434
  973     1.48143
  974     1.04988
  975     1.99327
  976     1.72793
  977     1.33684
  978     2.00000
  979     1.95457
  980     1.98266
  981     1.47439
  982     1.28563
  983     1.85624
  984     1.15848
  985     1.98422
  986     1.00534
  987     2.00000
  988     1.49067
  989     1.86864
  990     1.45745
  991     1.35984
  992     1.99849
  993     2.00000
  994     1.21073
  995     1.66297
  996     1.54985
  997     1.36254
  998     0.68784
  999     0.71089
 1000     0.86086
 1001     1.09860
 1002     1.34060
 1003     1.43051
 1004     0.82754
 1005     1.68141
 1006     1.39452
 1007     1.33253
 1008     1.06639
 1009     0.68597
 1010     1.99158
 1011     1.19411
 1012     1.02592
 1013     1.59569
 1014     1.66204
 1015     1.04315
 1016     0.88575
 1017     1.02223
 1018     1.98661
 1019     0.62817
 1020     1.99788
 1021     0.85217
 1022     1.26659
 1023     1.85429
 1024     1.06777
 1025     1.40357
 1026     1.99686
 1027     1.54793
 1028     0.98371
 1029     1.99698
 1030     1.99396
 1031     1.38947
 1032     1.09815
 1033     1.08437
 1034     1.30594
 1035     0.89784
 1036     1.16413
 1037     1.68071
 1038     1.85691
 1039     1.19608
 1040     1.10558
 1041     0.84662
 1042     2.00000
 1043     1.35139
 1044     2.00000
 1045     0.48587
 1046     1.49702
 1047     1.99823
 1048     1.31653
 1049     1.31864
 1050     1.99128
 1051     1.20117
 1052     1.20711
 1053     0.43598
 1054     1.13878
 1055     0.91506
 1056     1.98192
 1057     1.99918
 1058     1.99675
 1059     1.99827
 1060     1.99219
 1061     1.43637
 1062     1.16347
 1063     0.76069
 1064     0.92128
 1065     0.57205
 1066     0.85483
 1067     0.88529
 1068     1.80655
 1069     0.74158
 1070     1.53417
 1071     1.60806
 1072     1.22429
 1073     1.86369
 1074     1.98112
 1075     1.22449
 1076     1.97166
 1077     1.08324
 1078     1.77292
 1079     1.20568
 1080     1.99249
 1081     1.09162
 1082     1.64940
 1083     0.98477
 1084     1.11120
 1085     1.10285
 1086     0.96371
 1087     1.83077
 1088     1.65647
 1089     2.00000
 1090     2.00000
 1091     1.99350
 1092     1.44718
 1093     0.56768
 1094     1.58112
 1095     1.21780
 1096     1.88599
 1097     1.90735
 1098     1.73236
 1099     0.86621
 1100     1.02430
 1101     1.98743
 1102     1.45455
 1103     1.23458
 1104     1.98623
 1105     1.41148
 1106     1.99415
 1107     1.06772
 1108     1.46303
 1109     1.82256
 1110     2.00000
 1111     0.63487
 1112     2.00000
 1113     2.00000
 1114     0.55363
 1115     1.62118
 1116     0.84292
 1117     0.96388
 1118     1.66758
 1119     1.99599
 1120     2.00000
 1121     0.51271
 1122     1.22437
 1123     0.55836
 1124     1.37647
 1125     1.99189
 1126     0.74939
 1127     1.99446
 1128     1.99482
 1129     1.99023
 1130     2.00000
 1131     1.08579
 1132     1.35740
 1133     1.98617
 1134     1.82484
 1135     0.93775
 1136     0.93009
 1137     1.01892
 1138     1.22348
 1139     1.59989
 1140     1.07383
 1141     1.46652
 1142     0.73714
 1143     1.37865
 1144     1.98799
 1145     1.09933
 1146     1.97348
 1147     1.99126
 1148     0.81599
 1149     0.82767
 1150     0.82860
 1151     1.47968
 1152     1.99589
 1153     1.99007
 1154     1.69972
 1155     1.13087
 1156     1.39272
 1157     1.83680
 1158     1.94541
 1159     1.99998
 1160     1.97409
 1161     1.16004
 1162     2.00000
 1163     0.84673
 1164     0.70537
 1165     0.45971
 1166     1.46225
 1167     1.36298
 1168     1.99746
 1169     1.20813
 1170     1.55995
 1171     2.00000
 1172     1.81467
 1173     1.25795
 1174     1.99030
 1175     1.90191
 1176     0.91486
 1177     2.00000
 1178     0.59404
 1179     0.86663
 1180     1.85782
 1181     2.00000
 1182     1.21343
 1183     1.99317
 1184     1.95908
 1185     1.98177
 1186     1.17990
 1187     0.69962
 1188     0.65597
 1189     1.99673
 1190     2.00000
 1191     1.31448
 1192     1.98917
 1193     1.47547
 1194     0.75714
 1195     0.68631
 1196     1.25879
 1197     1.49598
 1198     2.00000
 1199     1.25927
 1200     0.93772
 1201     1.57363
 1202     1.98917
 1203     1.02822
 1204     2.00000
 1205     1.99688
 1206     1.99844
 1207     2.00000
 1208     0.54428
 1209     1.41118
 1210     2.00000
 1211     1.98771
 1212     0.86488
 1213     1.53517
 1214     1.18196
 1215     1.91388
 1216     1.62638
 1217     1.86192
 1218     0.71880
 1219     1.36518
 1220     1.94630
 1221     1.08908
 1222     1.94202
 1223     1.86120
 1224     1.76252
 1225     1.99342
 1226     0.50185
 1227     1.99051
 1228     0.90508
 1229     0.80892
 1230     1.13068
 1231     1.31918
 1232     1.83026
 1233     1.67704
 1234     2.00000
 1235     2.00000
 1236     0.78724
 1237     0.71520
 1238     1.49237
 1239     0.59049
 1240     1.20055
 1241     1.26979
 1242     1.30285
 1243     1.66453
 1244     1.23291
 1245     1.98935
 1246     1.35363
 1247     0.68978
 1248     1.97487
 1249     1.18267
 1250     1.29079
 1251     1.99878
 1252     1.99050
 1253     1.99308
 1254     1.96960
 1255     1.83185
 1256     1.43782
 1257     1.79515
 1258     0.85366
 1259     1.02586
 1260     1.90118
 1261     1.64284
 1262     0.85885
 1263     1.93006
 1264     1.38232
 1265     0.85684
 1266     2.00000
 1267     1.82310
 1268     0.93069
 1269     0.83591
 1270     1.00239
 1271     1.99800
 1272     0.92287
 1273     1.99516
 1274     2.00000
 1275     1.98366
 1276     2.00000
 1277     0.98961
 1278     1.39095
 1279     1.99583
 1280     0.93463
 1281     1.99119
 1282     1.53754
 1283     1.54490
 1284     1.15210
 1285     1.62199
 1286     1.45763
 1287     1.21465
 1288     1.66632
 1289     1.89282
 1290     1.29274
 1291     1.99836
 1292     0.68544
 1293     1.73871
 1294     1.01463
 1295     1.75066
 1296     1.49784
 1297     1.89138
 1298     1.99897
 1299     0.90629
 1300     1.96621
 1301     0.73241
 1302     2.00000
 1303     2.00000
 1304     2.00000
 1305     2.00000
 1306     0.76900
 1307     1.45566
 1308     2.00000
 1309     2.00000
 1310     1.98642
 1311     0.92380
 1312     1.08368
 1313     1.64697
 1314     1.99829
 1315     1.02659
 1316     1.98224
 1317     1.31139
 1318     1.98831
 1319     0.90377
 1320     0.43463
 1321     1.99423
 1322     1.62141
 1323     1.99984
 1324     1.99326
 1325     1.12970
 1326     2.00000
 1327     2.00000
 1328     2.00000
 1329     1.87857
 1330     0.88877
 1331     0.70595
 1332     1.07531
 1333     0.99814
 1334     1.57308
 1335     0.69003
 1336     1.98975
 1337     1.99570
 1338     1.99695
 1339     1.39880
 1340     1.59394
 1341     1.39148
 1342     1.99602
 1343     1.04343
 1344     0.94100
 1345     1.97806
 1346     2.00000
 1347     1.87392
 1348     1.45511
 1349     1.99503
 1350     1.25833
 1351     0.93975
 1352     1.79747
 1353     0.97092
 1354     1.04674
 1355     1.94284
 1356     1.18657
 1357     1.99458
 1358     2.00000
 1359     1.07583
 1360     2.00000
 1361     1.26371
 1362     1.99179
 1363     0.85666
 1364     0.90854
 1365     1.31285
 1366     1.98630
 1367     0.64414
 1368     1.24971
 1369     1.87463
 1370     1.98986
 1371     1.55128
 1372     1.98780
 1373     1.98131
 1374     1.96560
 1375     1.98476
 1376     1.42273
 1377     1.45493
 1378     1.23342
 1379     0.80189
 1380     1.33214
 1381     1.25611
 1382     2.00000
 1383     1.99121
 1384     1.52966
 1385     1.98885
 1386     1.52947
 1387     1.32292
 1388     1.08144
 1389     1.58901
 1390     1.38625
 1391     2.00000
 1392     1.99841
 1393     1.99174
 1394     1.03737
 1395     1.89803
 1396     1.99413
 1397     1.45183
 1398     1.10189
 1399     0.51528
 1400     1.26710
 1401     1.06278
 1402     0.53678
 1403     1.99935
 1404     1.61293
 1405     1.59850
 1406     1.99066
 1407     1.18415
 1408     1.99601
 1409     0.87554
 1410     1.96493
 1411     1.69091
 1412     1.48101
 1413     0.90227
 1414     1.35441
 1415     1.48156
 1416     0.93930
 1417     1.96842
 1418     1.56499
 1419     1.75652
 1420     1.58533
 1421     1.90286
 1422     1.17374
 1423     1.17404
 1424     1.83384
 1425     0.94011
 1426     0.95000
 1427     1.62921
 1428     1.99850
 1429     0.97642
 1430     2.00000
 1431     1.99326
 1432     2.00000
 1433     2.00000
 1434     2.00000
 1435     2.00000
 1436     2.00000
 1437     1.99636
 1438     2.00000
 1439     1.44496
 1440     1.90257
 1441     0.89836
 1442     1.99972
 1443     1.28624
 1444     0.89646
 1445     1.11729
 1446     2.00000
 1447     1.72386
 1448     1.98590
 1449     1.92888
 1450     0.90568
 1451     0.59428
 1452     1.51044
 1453     1.94498
 1454     1.27862
 1455     1.66016
 1456     1.94512
 1457     1.29916
 1458     1.15923
 1459     1.45833
 1460     1.99820
 1461     0.95333
 1462     0.64118
 1463     1.83232
 1464     0.94589
 1465     1.99796
 1466     1.99868
 1467     2.00000
 1468     1.43876
 1469     2.00000
 1470     1.92049
 1471     1.99111
 1472     0.93072
 1473     1.99608
 1474     1.99451
 1475     1.98430
 1476     1.75970
 1477     1.99966
 1478     0.75942
 1479     0.62540
 1480     0.61124
 1481     1.87510
 1482     1.99841
 1483     2.00000
 1484     0.80811
 1485     2.00000
 1486     1.46084
 1487     0.73927
 1488     2.00000
 1489     0.99709
 1490     0.97127
 1491     1.84741
 1492     2.00000
 1493     0.56847
 1494     0.95798
 1495     1.22644
 1496     1.08534
 1497     2.00000
 1498     1.99535
 1499     0.90751
 1500     1.98992
 1501     1.56618
 1502     2.00000
 1503     1.33408
 1504     1.00923
 1505     1.63972
 1506     1.98666
 1507     2.00000
 1508     2.00000
 1509     1.73562
 1510     1.40239
 1511     1.60488
 1512     1.98759
 1513     0.96819
 1514     1.99929
 1515     1.99889
 1516     1.73779
 1517     1.64039
 1518     0.69317
 1519     1.97341
 1520     1.96323
 1521     1.70539
 1522     1.31860
 1523     1.65908
 1524     1.49250
 1525     1.41091
 1526     1.63418
 1527     1.26018
 1528     1.99519
 1529     2.00000
 1530     1.99741
 1531     1.47439
 1532     2.00000
 1533     1.05355
 1534     1.40241
 1535     2.00000
 1536     0.76715
 1537     1.19218
 1538     0.87686
 1539     1.99062
 1540     1.99941
 1541     1.35469
 1542     1.97763
 1543     1.99377
 1544     1.53701
 1545     1.99318
 1546     0.42788
 1547     0.68557
 1548     1.99175
 1549     2.00000
 1550     1.39082
 1551     2.00000
 1552     1.87730
 1553     1.13909
 1554     1.62294
 1555     1.77046
 1556     1.58633
 1557     2.00000
 1558     2.00000
 1559     1.18060
 1560     0.82853
 1561     1.97010
 1562     2.00000
 1563     1.23414
 1564     0.92307
 1565     0.92965
 1566     1.98676
 1567     1.98990
 1568     1.13660
 1569     1.67406
 1570     0.93906
 1571     1.76215
 1572     1.95740
 1573     2.00000
 1574     1.99264
 1575     1.63294
 1576     1.99975
 1577     1.69594
 1578     1.40543
 1579     1.99892
 1580     1.97857
 1581     1.77010
 1582     1.47944
 1583     1.59529
 1584     1.43315
 1585     1.70814
 1586     2.00000
 1587     1.35362
 1588     1.07773
 1589     1.02797
 1590     1.97394
 1591     1.43072
 1592     1.43617
 1593     2.00000
 1594     1.94075
 1595     1.99174
 1596     1.98187
 1597     0.86071
 1598     1.99053
 1599     0.79417
 1600     0.86973
 1601     1.30104
 1602     2.00000
 1603     2.00000
 1604     1.89487
 1605     1.23503
 1606     1.97115
 1607     1.99454
 1608     2.00000
 1609     0.75034
 1610     1.29978
 1611     1.46858
 1612     1.71120
 1613     1.98688
 1614     1.98650
 1615     1.98865
 1616     0.73209
 1617     1.99383
 1618     1.96642
 1619     0.77600
 1620     1.99782
 1621     0.97088
 1622     1.62945
 1623     1.42088
 1624     1.51669
 1625     2.00000
 1626     1.55522
 1627     2.00000
 1628     1.99746
 1629     1.99700
 1630     1.99650
 1631     1.65038
 1632     1.53174
 1633     1.99837
 1634     1.99265
 1635     2.00000
 1636     1.37447
 1637     1.98971
 1638     1.97464
 1639     1.45531
 1640     1.46857
 1641     1.25091
 1642     1.91586
 1643     2.00000
 1644     0.83870
 1645     0.64188
 1646     1.36363
 1647     1.99974
 1648     1.92916
 1649     1.48962
 1650     1.96952
 1651     0.92309
 1652     0.68435
 1653     1.37778
 1654     1.98940
 1655     0.69752
 1656     1.28627
 1657     1.99540
 1658     1.94766
 1659     1.63039
 1660     1.97526
 1661     1.96786
 1662     1.16817
 1663     1.00835
 1664     1.65593
 1665     1.12438
 1666     1.24016
 1667     1.73021
 1668     1.99616
 1669     1.51975
 1670     1.54165
 1671     0.38104
 1672     1.97107
 1673     2.00000
 1674     1.48351
 1675     0.81983
 1676     0.77776
 1677     0.60153
 1678     1.98450
 1679     1.77819
 1680     0.80055
 1681     0.99483
 1682     0.99943
 1683     1.41168
 1684     1.22647
 1685     1.99359
 1686     0.75480
 1687     1.97477
 1688     0.99211
 1689     1.81659
 1690     1.54596
 1691     1.99814
 1692     1.47731
 1693     1.24354
 1694     1.39294
 1695     1.53171
 1696     1.74258
 1697     1.99401
 1698     1.73075
 1699     0.83908
 1700     1.59520
 1701     1.77389
 1702     2.00000
 1703     1.73340
 1704     1.00498
 1705     0.89994
 1706     0.66488
 1707     1.99932
 1708     0.83745
 1709     0.65646
 1710     1.55071
 1711     2.00000
 1712     1.96946
 1713     1.26422
 1714     0.82675
 1715     2.00000
 1716     1.84153
 1717     1.98484
 1718     1.46370
 1719     2.00000
 1720     2.00000
 1721     1.70742
 1722     1.98916
 1723     1.23986
 1724     1.98514
 1725     1.96381
 1726     2.00000
 1727     1.79654
 1728     1.90060
 1729     1.84198
 1730     1.72646
 1731     2.00000
 1732     1.99405
 1733     0.79386
 1734     1.98836
 1735     2.00000
 1736     1.08287
 1737     1.00775
 1738     1.86143
 1739     2.00000
 1740     0.97997
 1741     1.98799
 1742     2.00000
 1743     0.98395
 1744     1.97963
 1745     1.79706
 1746     1.70483
 1747     0.96765
 1748     1.99540
 1749     1.74386
 1750     1.99408
 1751     1.13037
 1752     1.82041
 1753     1.98825
 1754     1.79613
 1755     1.19757
 1756     1.66142
 1757     1.99124
 1758     1.94667
 1759     1.98410
 1760     2.00000
 1761     1.44243
 1762     1.55172
 1763     0.95442
 1764     1.91040
 1765     1.92846
 1766     1.96584
 1767     1.99868
 1768     1.30722
 1769     1.96920
 1770     1.99976
 1771     0.89504
 1772     1.99972
 1773     0.94204
 1774     1.98635
 1775     1.99999
 1776     1.99404
 1777     1.07783
 1778     1.99718
 1779     1.99798
 1780     1.54515
 1781     1.75607
 1782     1.99843
 1783     1.99802
 1784     1.99534
 1785     1.99778
 1786     1.54392
 1787     1.44709
 1788     1.95885
 1789     1.01786
 1790     1.03226
 1791     1.82789
 1792     1.28711
 1793     1.24433
 1794     1.16724
 1795     1.99690
 1796     1.99964
 1797     1.50722
 1798     1.35463
 1799     1.24464
 1800     2.00000
 1801     0.96410
 1802     0.66946
 1803     0.97636
 1804     1.99924
 1805     1.88692
 1806     1.13796
 1807     1.85947
 1808     1.96013
 1809     1.12703
 1810     1.36576
 1811     1.83961
 1812     1.63591
 1813     1.88106
 1814     1.65348
 1815     1.79364
 1816     1.83109
 1817     1.13710
 1818     1.98831
 1819     1.06840
 1820     1.99949
 1821     1.18495
 1822     1.20572
 1823     1.83040
 1824     1.55820
 1825     1.99531
 1826     1.99801
 1827     1.55799
 1828     1.16535
 1829     0.88010
 1830     1.50468
 1831     1.71742
 1832     1.07097
 1833     1.55635
 1834     1.28355
 1835     1.98700
 1836     1.99699
 1837     0.84196
 1838     1.22186
 1839     0.81740
 1840     1.81446
 1841     1.99305
 1842     1.98651
 1843     2.00000
 1844     1.53723
 1845     1.22242
 1846     1.75540
 1847     0.45684
 1848     1.13095
 1849     1.99323
 1850     1.29516
 1851     1.99675
 1852     1.00185
 1853     1.99834
 1854     0.56617
 1855     2.00000
 1856     1.99734
 1857     1.30434
 1858     1.23408
 1859     1.26675
 1860     1.99598
 1861     1.99839
 1862     0.57206
 1863     1.61916
 1864     0.90765
 1865     1.48776
 1866     1.15401
 1867     1.72082
 1868     1.02123
 1869     1.33613
 1870     1.99479
 1871     0.48621
 1872     1.74889
 1873     1.18932
 1874     1.58540
 1875     2.00000
 1876     1.86659
 1877     0.75691
 1878     1.31912
 1879     1.16704
 1880     1.36524
 1881     1.12685
 1882     1.99592
 1883     1.99590
 1884     1.99434
 1885     1.17877
 1886     1.99837
 1887     1.99903
 1888     0.70427
 1889     1.27130
 1890     2.00000
 1891     2.00000
 1892     1.29226
 1893     1.08062
 1894     1.99843
 1895     2.00000
 1896     0.77638
 1897     1.88788
 1898     1.99775
 1899     1.45553
 1900     1.57523
 1901     1.48467
 1902     1.50169
 1903     0.31249
 1904     1.04419
 1905     1.01527
 1906     0.64671
 1907     1.99341
 1908     1.25119
 1909     1.99876
 1910     0.82439
 1911     1.99447
 1912     0.31522
 1913     1.99798
 1914     1.99971
 1915     0.93529
 1916     1.17727
 1917     1.29707
 1918     1.32087
 1919     1.12913
 1920     1.53338
 1921     1.99961
 1922     1.21286
 1923     1.99561
 1924     1.99835
 1925     1.99809
 1926     1.12030
 1927     0.56175
 1928     1.75922
 1929     2.00000
 1930     2.00000
 1931     1.38109
 1932     1.21928
 1933     1.99782
 1934     1.99778
 1935     0.75925
 1936     1.99582
 1937     0.72592
 1938     1.99259
 1939     1.66859
 1940     0.75035
 1941     1.61470
 1942     1.87091
 1943     0.54044
 1944     1.72229
 1945     0.72616
 1946     2.00000
 1947     1.06774
 1948     1.88277
 1949     1.49231
 1950     1.56571
 1951     0.59102
 1952     1.77380
 1953     1.72235
 1954     1.32192
 1955     1.36439
 1956     1.99589
 1957     1.20792
 1958     1.49062
 1959     1.85280
 1960     1.99583
 1961     1.99583
 1962     0.49460
 1963     1.08834
 1964     1.99825
 1965     1.56271
 1966     1.23605
 1967     0.92664
 1968     1.20043
 1969     0.31010
 1970     1.99976
 1971     1.56980
 1972     0.84526
 1973     1.50921
 1974     1.79235
 1975     0.91176
 1976     0.31125
 1977     0.99849
 1978     2.00000
 1979     0.50235
 1980     0.42479
 1981     1.47143
 1982     0.72593
 1983     1.97671
 1984     1.97351
 1985     1.38066
 1986     1.47338
 1987     1.33048
 1988     1.96494
 1989     1.17256
 1990     1.99761
 1991     1.71395
 1992     1.99923
 1993     1.67837
 1994     1.99571
 1995     1.99856
 1996     1.42255
 1997     1.99791
 1998     1.99836
 1999     0.66015
 2000     1.64096
 2001     1.35676
 2002     1.15034
 2003     1.42461
 2004     1.52885
 2005     1.99998
 2006     1.32731
 2007     1.99929
 2008     1.28275
 2009     0.76927
 2010     2.00000
 2011     0.94457
 2012     1.78435
 2013     0.82893
 2014     1.99595
 2015     1.99847
 2016     1.64296
 2017     1.99578
 2018     0.66893
 2019     1.53137
 2020     1.99709
 2021     1.05929
 2022     1.60405
 2023     0.58807
 2024     1.99862
 2025     1.99930
 2026     1.38112
 2027     1.99529
 2028     1.99510
 2029     0.55718
 2030     0.58360
 2031     1.99972
 2032     1.63184
 2033     0.89180
 2034     0.83223
 2035     1.99915
 2036     1.36439
 2037     0.98140
 2038     0.91292
 2039     1.86593
 2040     1.99841
 2041     1.07546
 2042     1.99573
 2043     1.42691
 2044     1.92496
 2045     1.00610
 2046     0.77653
 2047     1.31041
 2048     1.34219
 2049     1.99521
 2050     1.70007
 2051     0.70087
 2052     0.70891
 2053     1.99928
 2054     0.90403
 2055     0.92940
 2056     1.40388
 2057     1.25344
 2058     1.61887
 2059     1.99976
 2060     1.99602
 2061     1.51687
 2062     1.99610
 2063     1.99750
 2064     1.85342
 2065     1.16848
 2066     1.84777
 2067     1.99764
 2068     1.37944
 2069     1.03644
 2070     1.26158
 2071     1.99851
 2072     1.05622
 2073     0.77962
 2074     0.76902
 2075     1.99836
 2076     0.93916
 2077     1.33381
 2078     1.06941
 2079     0.85334
 2080     1.99757
 2081     1.99855
 2082     0.66178
 2083     0.97697
 2084     0.83934
 2085     1.99922
 2086     1.99501
 2087     1.74888
 2088     1.99396
 2089     1.99576
 2090     1.99976
 2091     1.24151
 2092     1.99795
 2093     1.67281
 2094     1.32637
 2095     2.00000
 2096     1.61625
 2097     0.68487
 2098     1.03922
 2099     1.79256
 2100     0.88155
 2101     2.00000
 2102     1.02330
 2103     1.44869
 2104     1.76439
 2105     1.22736
 2106     1.80839
 2107     1.99959
 2108     0.64576
 2109     1.16062
 2110     1.08919
 2111     1.01756
 2112     1.17543
 2113     1.99524
 2114     0.81830
 2115     1.06042
 2116     0.96643
 2117     1.99891
 2118     1.99800
 2119     0.98722
 2120     1.30876
 2121     1.20699
 2122     0.79175
 2123     1.99766
 2124     1.79158
 2125     0.97176
 2126     0.70870
 2127     1.99793
 2128     1.99574
 2129     0.99313
 2130     1.43801
 2131     0.72994
 2132     1.29886
 2133     1.73815
 2134     1.10881
 2135     1.99710
 2136     0.64158
 2137     0.63313
 2138     1.39704
 2139     0.87792
 2140     1.70045
 2141     1.44241
 2142     1.84016
 2143     1.99857
 2144     1.62744
 2145     0.85513
 2146     1.04617
 2147     1.06186
 2148     1.16793
 2149     1.92531
 2150     1.82104
 2151     0.71971
 2152     1.12136
 2153     1.01171
 2154     0.71426
 2155     1.57751
 2156     1.99815
 2157     1.14211
 2158     0.78268
 2159     1.99801
 2160     1.46066
 2161     1.00213
 2162     1.47421
 2163     0.97601
 2164     1.99810
 2165     1.34313
 2166     1.99822
 2167     1.63809
 2168     1.31076
 2169     1.65159
 2170     1.25468
 2171     1.76678
 2172     1.20266
 2173     1.99989
 2174     0.73278
 2175     0.92163
 2176     1.43245
 2177     0.87299
 2178     0.31150
 2179     1.15863
 2180     1.95317
 2181     1.99738
 2182     1.88341
 2183     1.56016
 2184     1.30770
 2185     1.81202
 2186     0.52262
 2187     1.63321
 2188     0.84960
 2189     1.82758
 2190     1.99509
 2191     1.50376
 2192     0.96982
 2193     1.99779
 2194     1.70566
 2195     1.20423
 2196     1.16811
 2197     0.85586
 2198     1.46179
 2199     1.58330
 2200     0.59495
 2201     1.08188
 2202     1.33003
 2203     1.99611
 2204     1.13656
 2205     0.82429
 2206     1.67081
 2207     1.99672
 2208     1.99608
 2209     0.72172
 2210     1.16879
 2211     1.99815
 2212     0.84812
 2213     0.46054
 2214     1.99893
 2215     1.65209
 2216     1.99725
 2217     1.02642
 2218     1.51825
 2219     2.00000
 2220     1.20749
 2221     0.77795
 2222     1.99911
 2223     0.58493
 2224     1.99784
 2225     1.52272
 2226     1.99744
 2227     1.49065
 2228     1.56163
 2229     1.17692
 2230     1.99332
 2231     1.99787
 2232     1.99994
 2233     1.99934
 2234     1.47740
 2235     2.00000
 2236     1.78662
 2237     1.21158
 2238     1.99995
 2239     1.03434
 2240     0.77870
 2241     1.99991
 2242     0.58693
 2243     1.59789
 2244     0.31398
 2245     1.99557
 2246     1.96067
 2247     1.72333
 2248     1.04083
 2249     1.64884
 2250     0.59173
 2251     1.36550
 2252     0.73374
 2253     1.21428
 2254     1.07187
 2255     1.99500
 2256     0.31227
 2257     1.99523
 2258     1.00862
 2259     2.00000
 2260     0.84608
 2261     1.99753
 2262     1.03333
 2263     1.99758
 2264     1.99627
 2265     2.00000
 2266     1.20251
 2267     1.99987
 2268     1.97425
 2269     1.99884
 2270     1.62801
 2271     1.99699
 2272     1.60294
 2273     0.66135
 2274     1.59610
 2275     1.99913
 2276     1.99755
 2277     0.96044
 2278     1.99998
 2279     1.98748
 2280     1.99973
 2281     1.99958
 2282     1.06889
 2283     1.82723
 2284     1.99982
 2285     1.99585
 2286     1.99944
 2287     1.32566
 2288     0.99182
 2289     1.99790
 2290     1.27677
 2291     0.80577
 2292     1.99815
 2293     0.66591
 2294     1.99707
 2295     1.25113
 2296     0.74947
 2297     0.44095
 2298     1.91314
 2299     1.79702
 2300     1.56442
 2301     0.45120
 2302     1.68251
 2303     0.96823
 2304     0.87144
 2305     2.00000
 2306     1.99949
 2307     0.80569
 2308     1.99654
 2309     0.43772
 2310     1.99726
 2311     0.62236
 2312     0.97551
 2313     1.22941
 2314     0.52400
 2315     1.11019
 2316     1.99854
 2317     1.99630
 2318     0.71626
 2319     1.99691
 2320     1.56491
 2321     1.66504
 2322     0.81769
 2323     1.50835
 2324     1.99731
 2325     0.55572
 2326     1.31491
 2327     1.99555
 2328     1.15597
 2329     1.99756
 2330     1.40583
 2331     1.99493
 2332     1.99959
 2333     0.52652
 2334     0.50057
 2335     1.99760
 2336     1.16833
 2337     0.31608
 2338     2.00000
 2339     0.64024
 2340     0.96997
 2341     1.99259
 2342     1.99991
 2343     1.57511
 2344     1.99899
 2345     0.84325
 2346     1.99936
 2347     2.00000
 2348     1.42790
 2349     1.99974
 2350     1.99737
 2351     1.99759
 2352     1.99997
 2353     0.91525
 2354     1.44537
 2355     1.96210
 2356     1.99902
 2357     1.99347
 2358     1.04873
 2359     1.99721
 2360     1.99896
 2361     1.94685
 2362     0.57138
 2363     0.90651
 2364     1.99766
 2365     1.99916
 2366     0.74899
 2367     1.99994
 2368     1.99966
 2369     0.69157
 2370     1.11566
 2371     1.77454
 2372     1.99825
 2373     1.99975
 2374     0.40066
 2375     1.99995
 2376     1.99737
 2377     1.99763
 2378     1.87845
 2379     1.99980
 2380     2.00000
 2381     0.87541
 2382     2.00000
 2383     1.99993
 2384     0.83597
 2385     1.99891
 2386     2.00000
 2387     1.99763
 2388     1.09834
 2389     1.99770
 2390     2.00000
 2391     1.04818
 2392     2.00000
 2393     1.59481
 2394     2.00000
 2395     1.94430
 2396     2.00000
 2397     2.00000
 2398     1.99996
 2399     2.00000
 2400     2.00000
 2401     1.99993
 2402     2.00000
 2403     2.00000
 2404     1.99997
 2405     1.99999
 2406     2.00000
