                time,                rain,               out_t,              out_qs,               out_q,            out_eva1,            out_eva2,              sum_hs,               sum_h,              sum_pw,     slope,    debris,       fs2,    out_q1d   out_h1d
  time(s)=         0,   0.0000000000E+000,   0.0000000000E+000,   0.0000000000E+000,   0.0000000000E+000,   0.0000000000E+000,   0.0000000000E+000,   0.0000000000E+000,   0.0000000000E+000,   0.1079325000E+007,         0,         0,   0.0000000000E+000,   0.0000000000E+000,   0.0000000000E+000
  time(s)=       600,   0.0000000000E+000,   0.0000000000E+000,   0.0000000000E+000,   0.0000000000E+000,   0.0000000000E+000,   0.0000000000E+000,   0.0000000000E+000,   0.2564929469E-312,   0.1079325000E+007,         0,         0,   0.0000000000E+000,   0.0000000000E+000,   0.0000000000E+000
  time(s)=      1200,   0.0000000000E+000,   0.0000000000E+000,   0.0000000000E+000,   0.0000000000E+000,   0.0000000000E+000,   0.0000000000E+000,   0.0000000000E+000,   0.5129858937E-312,   0.1079325000E+007,         0,         0,   0.0000000000E+000,   0.0000000000E+000,   0.0000000000E+000
  time(s)=      1800,   0.0000000000E+000,   0.0000000000E+000,   0.0000000000E+000,   0.0000000000E+000,   0.0000000000E+000,   0.0000000000E+000,   0.0000000000E+000,   0.7694788406E-312,   0.1079325000E+007,         0,         0,   0.0000000000E+000,   0.0000000000E+000,   0.0000000000E+000
  time(s)=      2400,   0.0000000000E+000,   0.0000000000E+000,   0.0000000000E+000,   0.0000000000E+000,   0.0000000000E+000,   0.0000000000E+000,   0.0000000000E+000,   0.1025971787E-311,   0.1079325000E+007,         0,         0,   0.0000000000E+000,   0.0000000000E+000,   0.0000000000E+000
  time(s)=      3000,   0.0000000000E+000,   0.0000000000E+000,   0.0000000000E+000,   0.0000000000E+000,   0.0000000000E+000,   0.0000000000E+000,   0.0000000000E+000,   0.1282464734E-311,   0.1079325000E+007,         0,         0,   0.0000000000E+000,   0.0000000000E+000,   0.0000000000E+000
  time(s)=      3600,   0.5996250000E+004,   0.5996250000E+004,   0.0000000000E+000,   0.0000000000E+000,   0.0000000000E+000,   0.0000000000E+000,   0.5996250000E+004,   0.1538957681E-311,   0.1079325000E+007,         0,         0,   0.0000000000E+000,   0.0000000000E+000,   0.0000000000E+000
  time(s)=      4200,   0.1199250000E+005,   0.1199250000E+005,   0.0000000000E+000,   0.0000000000E+000,   0.0000000000E+000,   0.0000000000E+000,   0.0000000000E+000,   0.1795450628E-311,   0.1079325000E+007,         0,         0,   0.1199250000E+005,   0.0000000000E+000,   0.0000000000E+000
  time(s)=      4800,   0.1798875000E+005,   0.1798875000E+005,   0.0000000000E+000,   0.0000000000E+000,   0.0000000000E+000,   0.0000000000E+000,   0.5996250000E+004,   0.2051943575E-311,   0.1079325000E+007,         0,         0,   0.1199250000E+005,   0.0000000000E+000,   0.0000000000E+000
  time(s)=      5400,   0.2398500000E+005,   0.2398500000E+005,   0.0000000000E+000,   0.0000000000E+000,   0.0000000000E+000,   0.0000000000E+000,   0.0000000000E+000,   0.2308436522E-311,   0.1079325000E+007,         0,         0,   0.2398500000E+005,   0.0000000000E+000,   0.0000000000E+000
  time(s)=      6000,   0.2998125000E+005,   0.2998125000E+005,   0.0000000000E+000,   0.0000000000E+000,   0.0000000000E+000,   0.0000000000E+000,   0.5996250000E+004,   0.2564929469E-311,   0.1079325000E+007,         0,         0,   0.2398500000E+005,   0.0000000000E+000,   0.0000000000E+000
  time(s)=      6600,   0.3597750000E+005,   0.3597750000E+005,   0.0000000000E+000,   0.0000000000E+000,   0.0000000000E+000,   0.0000000000E+000,   0.0000000000E+000,   0.2821422415E-311,   0.1079325000E+007,         0,         0,   0.3597750000E+005,   0.0000000000E+000,   0.0000000000E+000
  time(s)=      7200,   0.4597125000E+005,   0.4597125000E+005,   0.0000000000E+000,   0.0000000000E+000,   0.0000000000E+000,   0.0000000000E+000,   0.9993750000E+004,   0.3077915362E-311,   0.1079325000E+007,         0,         0,   0.3597750000E+005,   0.0000000000E+000,   0.0000000000E+000
  time(s)=      7800,   0.5596500000E+005,   0.5596500000E+005,   0.0000000000E+000,   0.0000000000E+000,   0.0000000000E+000,   0.0000000000E+000,   0.0000000000E+000,   0.3334408309E-311,   0.1079325000E+007,         0,         0,   0.5596500000E+005,   0.0000000000E+000,   0.0000000000E+000
  time(s)=      8400,   0.6595875000E+005,   0.6595875000E+005,   0.0000000000E+000,   0.0000000000E+000,   0.0000000000E+000,   0.0000000000E+000,   0.9993750000E+004,   0.3590901256E-311,   0.1079325000E+007,         0,         0,   0.5596500000E+005,   0.0000000000E+000,   0.0000000000E+000
  time(s)=      9000,   0.7595250000E+005,   0.7595250000E+005,   0.0000000000E+000,   0.0000000000E+000,   0.0000000000E+000,   0.0000000000E+000,   0.0000000000E+000,   0.3847394203E-311,   0.1079325000E+007,         0,         0,   0.7595250000E+005,   0.0000000000E+000,   0.0000000000E+000
  time(s)=      9600,   0.8594625000E+005,   0.8594625000E+005,   0.0000000000E+000,   0.0000000000E+000,   0.0000000000E+000,   0.0000000000E+000,   0.9993750000E+004,   0.4103887150E-311,   0.1079325000E+007,         0,         0,   0.7595250000E+005,   0.0000000000E+000,   0.0000000000E+000
  time(s)=     10200,   0.9594000000E+005,   0.9594000000E+005,   0.0000000000E+000,   0.0000000000E+000,   0.0000000000E+000,   0.0000000000E+000,   0.0000000000E+000,   0.4360380096E-311,   0.1079325000E+007,         0,         0,   0.9594000000E+005,   0.0000000000E+000,   0.0000000000E+000
  time(s)=     10800,   0.1139287500E+006,   0.1139287500E+006,   0.0000000000E+000,   0.0000000000E+000,   0.0000000000E+000,   0.0000000000E+000,   0.1798875000E+005,   0.4616873043E-311,   0.1079325000E+007,         0,         0,   0.9594000000E+005,   0.0000000000E+000,   0.0000000000E+000
  time(s)=     11400,   0.1319175000E+006,   0.1319175000E+006,   0.0000000000E+000,   0.0000000000E+000,   0.0000000000E+000,   0.0000000000E+000,   0.0000000000E+000,   0.4873365990E-311,   0.1079325000E+007,         0,         0,   0.1319175000E+006,   0.0000000000E+000,   0.0000000000E+000
  time(s)=     12000,   0.1499062500E+006,   0.1499062500E+006,   0.0000000000E+000,   0.0000000000E+000,   0.0000000000E+000,   0.0000000000E+000,   0.1798875000E+005,   0.5129858937E-311,   0.1079325000E+007,         0,         0,   0.1319175000E+006,   0.0000000000E+000,   0.0000000000E+000
  time(s)=     12600,   0.1678950000E+006,   0.1678950000E+006,   0.0000000000E+000,   0.0000000000E+000,   0.0000000000E+000,   0.0000000000E+000,   0.0000000000E+000,   0.5386351884E-311,   0.1079325000E+007,         0,         0,   0.1678950000E+006,   0.0000000000E+000,   0.0000000000E+000
  time(s)=     13200,   0.1858837500E+006,   0.1858837500E+006,   0.0000000000E+000,   0.0000000000E+000,   0.0000000000E+000,   0.0000000000E+000,   0.1798875000E+005,   0.5642844831E-311,   0.1079325000E+007,         0,         0,   0.1678950000E+006,   0.0000000000E+000,   0.0000000000E+000
  time(s)=     13800,   0.2038725000E+006,   0.2038725000E+006,   0.0000000000E+000,   0.0000000000E+000,   0.0000000000E+000,   0.0000000000E+000,   0.0000000000E+000,   0.5899337778E-311,   0.1079325000E+007,         0,         0,   0.2038725000E+006,   0.0000000000E+000,   0.0000000000E+000
  time(s)=     14400,   0.2278575000E+006,   0.2278575000E+006,   0.0000000000E+000,   0.0000000000E+000,   0.0000000000E+000,   0.0000000000E+000,   0.2398500000E+005,   0.6155830724E-311,   0.1079325000E+007,         0,         0,   0.2038725000E+006,   0.0000000000E+000,   0.0000000000E+000
  time(s)=     15000,   0.2518425000E+006,   0.2518425000E+006,   0.0000000000E+000,   0.0000000000E+000,   0.0000000000E+000,   0.0000000000E+000,   0.0000000000E+000,   0.6412323671E-311,   0.1079325000E+007,         0,         0,   0.2518425000E+006,   0.0000000000E+000,   0.0000000000E+000
  time(s)=     15600,   0.2758275000E+006,   0.2758275000E+006,   0.0000000000E+000,   0.0000000000E+000,   0.0000000000E+000,   0.0000000000E+000,   0.2398500000E+005,   0.6668816618E-311,   0.1079325000E+007,         0,         0,   0.2518425000E+006,   0.0000000000E+000,   0.0000000000E+000
  time(s)=     16200,   0.2998125000E+006,   0.2998125000E+006,   0.0000000000E+000,   0.0000000000E+000,   0.0000000000E+000,   0.0000000000E+000,   0.0000000000E+000,   0.6925309565E-311,   0.1079325000E+007,         0,         0,   0.2998125000E+006,   0.0000000000E+000,   0.0000000000E+000
  time(s)=     16800,   0.3237975000E+006,   0.3237975000E+006,   0.0000000000E+000,   0.0000000000E+000,   0.0000000000E+000,   0.0000000000E+000,   0.2398500000E+005,   0.7181802512E-311,   0.1079325000E+007,         0,         0,   0.2998125000E+006,   0.0000000000E+000,   0.0000000000E+000
  time(s)=     17400,   0.3477825000E+006,   0.3477825000E+006,   0.0000000000E+000,   0.0000000000E+000,   0.0000000000E+000,   0.0000000000E+000,   0.0000000000E+000,   0.7438295459E-311,   0.1079325000E+007,         0,         0,   0.3477825000E+006,   0.0000000000E+000,   0.0000000000E+000
  time(s)=     18000,   0.3757650000E+006,   0.3757650000E+006,   0.0000000000E+000,   0.0000000000E+000,   0.0000000000E+000,   0.0000000000E+000,   0.2798250000E+005,   0.7694788406E-311,   0.1079325000E+007,         0,         0,   0.3477825000E+006,   0.0000000000E+000,   0.0000000000E+000
  time(s)=     18600,   0.4037475000E+006,   0.4037475000E+006,   0.0000000000E+000,   0.0000000000E+000,   0.0000000000E+000,   0.0000000000E+000,   0.0000000000E+000,   0.7951281352E-311,   0.1079325000E+007,         0,         0,   0.4037475000E+006,   0.0000000000E+000,   0.0000000000E+000
  time(s)=     19200,   0.4317300000E+006,   0.4317300000E+006,   0.0000000000E+000,   0.0000000000E+000,   0.0000000000E+000,   0.0000000000E+000,   0.2798250000E+005,   0.8207774299E-311,   0.1079325000E+007,         0,         0,   0.4037475000E+006,   0.0000000000E+000,   0.0000000000E+000
  time(s)=     19800,   0.4597125000E+006,   0.4597125000E+006,   0.0000000000E+000,   0.0000000000E+000,   0.0000000000E+000,   0.0000000000E+000,   0.0000000000E+000,   0.8464267246E-311,   0.1079325000E+007,         0,         0,   0.4597125000E+006,   0.0000000000E+000,   0.0000000000E+000
  time(s)=     20400,   0.4876950000E+006,   0.4876950000E+006,   0.0000000000E+000,   0.0000000000E+000,   0.0000000000E+000,   0.0000000000E+000,   0.2798250000E+005,   0.8720760193E-311,   0.1079325000E+007,         0,         0,   0.4597125000E+006,   0.0000000000E+000,   0.0000000000E+000
  time(s)=     21000,   0.5156775000E+006,   0.5156775000E+006,   0.0000000000E+000,   0.0000000000E+000,   0.0000000000E+000,   0.0000000000E+000,   0.0000000000E+000,   0.8977253140E-311,   0.1079325000E+007,         0,         0,   0.5156775000E+006,   0.0000000000E+000,   0.0000000000E+000
  time(s)=     21600,   0.5496562500E+006,   0.5496562500E+006,   0.0000000000E+000,   0.0000000000E+000,   0.0000000000E+000,   0.0000000000E+000,   0.3397875000E+005,   0.9233746087E-311,   0.1079325000E+007,         0,         0,   0.5156775000E+006,   0.0000000000E+000,   0.0000000000E+000
  time(s)=     22200,   0.5836350000E+006,   0.5836350000E+006,   0.0000000000E+000,   0.0000000000E+000,   0.0000000000E+000,   0.0000000000E+000,   0.0000000000E+000,   0.9490239033E-311,   0.1079325000E+007,         0,         0,   0.5836350000E+006,   0.0000000000E+000,   0.0000000000E+000
  time(s)=     22800,   0.6176137500E+006,   0.6176137500E+006,   0.0000000000E+000,   0.0000000000E+000,   0.0000000000E+000,   0.0000000000E+000,   0.3397875000E+005,   0.9746731980E-311,   0.1079325000E+007,         0,         0,   0.5836350000E+006,   0.0000000000E+000,   0.0000000000E+000
  time(s)=     23400,   0.6515925000E+006,   0.6515925000E+006,   0.0000000000E+000,   0.0000000000E+000,   0.0000000000E+000,   0.0000000000E+000,   0.0000000000E+000,   0.1000322493E-310,   0.1079325000E+007,         0,         0,   0.6515925000E+006,   0.0000000000E+000,   0.0000000000E+000
  time(s)=     24000,   0.6855712500E+006,   0.6855712500E+006,   0.0000000000E+000,   0.0000000000E+000,   0.0000000000E+000,   0.0000000000E+000,   0.3397875000E+005,   0.1025971787E-310,   0.1079325000E+007,         0,         0,   0.6515925000E+006,   0.0000000000E+000,   0.0000000000E+000
  time(s)=     24600,   0.7195500000E+006,   0.7195500000E+006,   0.0000000000E+000,   0.0000000000E+000,   0.0000000000E+000,   0.0000000000E+000,   0.0000000000E+000,   0.1051621082E-310,   0.1079325000E+007,         0,         0,   0.7195500000E+006,   0.0000000000E+000,   0.0000000000E+000
  time(s)=     25200,   0.7815112500E+006,   0.7815114425E+006,   0.1925321226E+000,   0.0000000000E+000,   0.0000000000E+000,   0.0000000000E+000,   0.6196125000E+005,   0.1077270377E-310,   0.1079325000E+007,         0,         0,   0.7195500000E+006,   0.0000000000E+000,   0.0000000000E+000
  time(s)=     25800,   0.8434725000E+006,   0.8434725000E+006,   0.1925321226E+000,   0.0000000000E+000,   0.0000000000E+000,   0.0000000000E+000,   0.0000000000E+000,   0.1102919671E-310,   0.1079325000E+007,         0,         0,   0.8434723075E+006,   0.0000000000E+000,   0.0000000000E+000
  time(s)=     26400,   0.9054337500E+006,   0.9054339425E+006,   0.3850642453E+000,   0.0000000000E+000,   0.0000000000E+000,   0.0000000000E+000,   0.6196125000E+005,   0.1128568966E-310,   0.1079325000E+007,         0,         0,   0.8434723075E+006,   0.0000000000E+000,   0.0000000000E+000
  time(s)=     27000,   0.9673950000E+006,   0.9673950000E+006,   0.3850642453E+000,   0.0000000000E+000,   0.0000000000E+000,   0.0000000000E+000,   0.0000000000E+000,   0.1154218261E-310,   0.1079325000E+007,         0,         0,   0.9673946149E+006,   0.0000000000E+000,   0.0000000000E+000
  time(s)=     27600,   0.1029356250E+007,   0.1029356443E+007,   0.5775963679E+000,   0.0000000000E+000,   0.0000000000E+000,   0.0000000000E+000,   0.6196125000E+005,   0.1179867556E-310,   0.1079325000E+007,         0,         0,   0.9673946149E+006,   0.0000000000E+000,   0.0000000000E+000
  time(s)=     28200,   0.1091317500E+007,   0.1091317500E+007,   0.5775963679E+000,   0.0000000000E+000,   0.0000000000E+000,   0.0000000000E+000,   0.0000000000E+000,   0.1205516850E-310,   0.1079325000E+007,         0,         0,   0.1091316922E+007,   0.0000000000E+000,   0.0000000000E+000
  time(s)=     28800,   0.1177263750E+007,   0.1174737674E+007,   0.8012823740E+000,   0.0000000000E+000,   0.0000000000E+000,   0.0000000000E+000,   0.7195500000E+005,   0.1146495000E+005,   0.1079325000E+007,         0,         0,   0.1091316922E+007,   0.0000000000E+000,   0.2525250000E+004
  time(s)=     29400,   0.1263210000E+007,   0.1258157400E+007,   0.8012823740E+000,   0.0000000000E+000,   0.0000000000E+000,   0.0000000000E+000,   0.0000000000E+000,   0.2292990000E+005,   0.1079325000E+007,         0,         0,   0.1235226699E+007,   0.0000000000E+000,   0.5050500000E+004
  time(s)=     30000,   0.1349156250E+007,   0.1341577574E+007,   0.1024968380E+001,   0.0000000000E+000,   0.0000000000E+000,   0.0000000000E+000,   0.7195500000E+005,   0.3439485000E+005,   0.1079325000E+007,         0,         0,   0.1235226699E+007,   0.0000000000E+000,   0.7575750000E+004
  time(s)=     30600,   0.1435102500E+007,   0.1425960183E+007,   0.1024968380E+001,   0.0000000000E+000,   0.0000000000E+000,   0.0000000000E+000,   0.0000000000E+000,   0.4682245965E+005,   0.1079325000E+007,         0,         0,   0.1379136698E+007,   0.0000000000E+000,   0.9117879593E+004
  time(s)=     31200,   0.1521048750E+007,   0.1509134860E+007,   0.1024968380E+001,   0.0000000000E+000,   0.0000000000E+000,   0.0000000000E+000,   0.1023541963E+003,   0.5804213625E+005,   0.1079325000E+007,         0,         0,   0.1450989344E+007,   0.0000000000E+000,   0.1186589617E+005
  time(s)=     31800,   0.1606995000E+007,   0.1592183241E+007,   0.1024968380E+001,   0.0000000000E+000,   0.0000000000E+000,   0.0000000000E+000,   0.0000000000E+000,   0.6913551780E+005,   0.1079325000E+007,         0,         0,   0.1523046698E+007,   0.0000000000E+000,   0.1473866070E+005
  time(s)=     32400,   0.1720923750E+007,   0.1698346624E+007,   0.1024968380E+001,   0.6669894143E+002,   0.0000000000E+000,   0.0000000000E+000,   0.0000000000E+000,   0.1032772022E+006,   0.1079325000E+007,         0,         0,   0.1595001698E+007,   0.7790991832E+001,   0.2246369688E+005
  time(s)=     33000,   0.1834852500E+007,   0.1775839762E+007,   0.1024968380E+001,   0.9362490920E+003,   0.0000000000E+000,   0.0000000000E+000,   0.0000000000E+000,   0.1079457898E+006,   0.1079325000E+007,         0,         0,   0.1666956698E+007,   0.3417497114E+002,   0.5882574802E+005
  time(s)=     33600,   0.1948781250E+007,   0.1849429230E+007,   0.1024968380E+001,   0.1867063280E+004,   0.0000000000E+000,   0.0000000000E+000,   0.0000000000E+000,   0.1086494434E+006,   0.1079325000E+007,         0,         0,   0.1738911698E+007,   0.1192142136E+003,   0.9903049084E+005
  time(s)=     34200,   0.2062710000E+007,   0.1922762938E+007,   0.1024968380E+001,   0.2820663452E+004,   0.0000000000E+000,   0.0000000000E+000,   0.0000000000E+000,   0.1090745516E+006,   0.1079325000E+007,         0,         0,   0.1810866698E+007,   0.4092837942E+003,   0.1392853562E+006
  time(s)=     34800,   0.2176638750E+007,   0.1995995130E+007,   0.1024968380E+001,   0.3790162845E+004,   0.0000000000E+000,   0.0000000000E+000,   0.7380000000E+002,   0.1093822443E+006,   0.1079325000E+007,         0,         0,   0.1882747898E+007,   0.1502437017E+004,   0.1788381921E+006
  time(s)=     35400,   0.2290567500E+007,   0.2069179523E+007,   0.1024968380E+001,   0.4771665647E+004,   0.0000000000E+000,   0.0000000000E+000,   0.0000000000E+000,   0.1096301336E+006,   0.1079325000E+007,         0,         0,   0.1954776698E+007,   0.4242713932E+004,   0.2167916754E+006
  time(s)=     36000,   0.2424483750E+007,   0.2147524413E+007,   0.1024968380E+001,   0.6118643403E+004,   0.0000000000E+000,   0.0000000000E+000,   0.6992711370E+002,   0.1146730464E+006,   0.1079325000E+007,         0,         0,   0.2026661771E+007,   0.1444364978E+005,   0.2621058170E+006
  time(s)=     36600,   0.2558400000E+007,   0.2225700334E+007,   0.1024968380E+001,   0.7543981393E+004,   0.0000000000E+000,   0.0000000000E+000,   0.6517663043E+002,   0.1194686295E+006,   0.1079325000E+007,         0,         0,   0.2098621522E+007,   0.4614183020E+005,   0.2860886249E+006
  time(s)=     37200,   0.2692316250E+007,   0.2304962683E+007,   0.1024968380E+001,   0.9158168674E+004,   0.0000000000E+000,   0.0000000000E+000,   0.6517663043E+002,   0.1251617909E+006,   0.1079325000E+007,         0,         0,   0.2170576522E+007,   0.8367778042E+005,   0.3031447611E+006
  time(s)=     37800,   0.2826232500E+007,   0.2387911947E+007,   0.1024968380E+001,   0.1157097153E+005,   0.0000000000E+000,   0.0000000000E+000,   0.6517663043E+002,   0.1337432517E+006,   0.1079325000E+007,         0,         0,   0.2242531522E+007,   0.1238900625E+006,   0.3138375039E+006
  time(s)=     38400,   0.2960148750E+007,   0.2474590498E+007,   0.1024968380E+001,   0.1630416449E+005,   0.0000000000E+000,   0.0000000000E+000,   0.6517663043E+002,   0.1437336103E+006,   0.1079325000E+007,         0,         0,   0.2314486522E+007,   0.1671868977E+006,   0.3177161931E+006
  time(s)=     39000,   0.3094065000E+007,   0.2560865701E+007,   0.1024968380E+001,   0.2433171283E+005,   0.0000000000E+000,   0.0000000000E+000,   0.6517663043E+002,   0.1500262644E+006,   0.1079325000E+007,         0,         0,   0.2386441522E+007,   0.2133903976E+006,   0.3190810770E+006
  time(s)=     39600,   0.3223983750E+007,   0.2645293133E+007,   0.1024968380E+001,   0.3485926634E+005,   0.0000000000E+000,   0.0000000000E+000,   0.6577239488E+002,   0.1519711435E+006,   0.1079325000E+007,         0,         0,   0.2458395926E+007,   0.2612629459E+006,   0.3165755853E+006
  time(s)=     40200,   0.3353902500E+007,   0.2729578331E+007,   0.1024968380E+001,   0.4659779663E+005,   0.0000000000E+000,   0.0000000000E+000,   0.6687267658E+002,   0.1525628107E+006,   0.1079325000E+007,         0,         0,   0.2530349826E+007,   0.3098239165E+006,   0.3134898787E+006
  time(s)=     40800,   0.3483821250E+007,   0.2813060568E+007,   0.1024968380E+001,   0.5872109410E+005,   0.0000000000E+000,   0.0000000000E+000,   0.6674860853E+002,   0.1519667502E+006,   0.1079325000E+007,         0,         0,   0.2602304950E+007,   0.3586154192E+006,   0.3109642889E+006
  time(s)=     41400,   0.3613740000E+007,   0.2895523674E+007,   0.1024968380E+001,   0.7080958169E+005,   0.0000000000E+000,   0.0000000000E+000,   0.0000000000E+000,   0.1503863690E+006,   0.1079325000E+007,         0,         0,   0.2674326698E+007,   0.4074183017E+006,   0.3094424564E+006
  time(s)=     42000,   0.3743658750E+007,   0.2977482443E+007,   0.1024968380E+001,   0.8248992194E+005,   0.0000000000E+000,   0.0000000000E+000,   0.6668674699E+002,   0.1487097976E+006,   0.1079325000E+007,         0,         0,   0.2746215012E+007,   0.4560533586E+006,   0.3085925839E+006
  time(s)=     42600,   0.3873577500E+007,   0.3059274642E+007,   0.1024968380E+001,   0.9347859893E+005,   0.0000000000E+000,   0.0000000000E+000,   0.6662500000E+002,   0.1475583199E+006,   0.1079325000E+007,         0,         0,   0.2818170073E+007,   0.5043380333E+006,   0.3082630708E+006
  time(s)=     43200,   0.3939536250E+007,   0.3120330713E+007,   0.1024968380E+001,   0.1026154921E+006,   0.0000000000E+000,   0.0000000000E+000,   0.0000000000E+000,   0.1275226840E+006,   0.1079325000E+007,         0,         0,   0.2890191511E+007,   0.5521312753E+006,   0.2652290494E+006
  time(s)=     43800,   0.4005495000E+007,   0.3190398811E+007,   0.1024968380E+001,   0.1107592513E+006,   0.0000000000E+000,   0.0000000000E+000,   0.0000000000E+000,   0.1179341994E+006,   0.1079325000E+007,         0,         0,   0.2961704335E+007,   0.5993558366E+006,   0.2137643922E+006
  time(s)=     44400,   0.4071453750E+007,   0.3257006368E+007,   0.1024968380E+001,   0.1174576230E+006,   0.0000000000E+000,   0.0000000000E+000,   0.8594072727E+002,   0.1066055431E+006,   0.1079325000E+007,         0,         0,   0.3032856236E+007,   0.6456126398E+006,   0.1667314794E+006
  time(s)=     45000,   0.4137412500E+007,   0.3316820834E+007,   0.1024968380E+001,   0.1217161415E+006,   0.0000000000E+000,   0.0000000000E+000,   0.8928476071E+002,   0.9094644091E+005,   0.1079325000E+007,         0,         0,   0.3104067941E+007,   0.6892041464E+006,   0.1291616908E+006
  time(s)=     45600,   0.4203371250E+007,   0.3378250659E+007,   0.1024968380E+001,   0.1235843176E+006,   0.0000000000E+000,   0.0000000000E+000,   0.0000000000E+000,   0.7931146839E+005,   0.1079325000E+007,         0,         0,   0.3175353848E+007,   0.7253436607E+006,   0.9745106771E+005
  time(s)=     46200,   0.4269330000E+007,   0.3443047856E+007,   0.1024968380E+001,   0.1243604565E+006,   0.0000000000E+000,   0.0000000000E+000,   0.0000000000E+000,   0.7215231898E+005,   0.1079325000E+007,         0,         0,   0.3246534056E+007,   0.7490588522E+006,   0.7482875022E+005
  time(s)=     46800,   0.4287318750E+007,   0.3460702527E+007,   0.1024968380E+001,   0.1246776346E+006,   0.0000000000E+000,   0.0000000000E+000,   0.0000000000E+000,   0.2719939308E+005,   0.1079325000E+007,         0,         0,   0.3308824474E+007,   0.7642927177E+006,   0.5990852962E+005
  time(s)=     47400,   0.4305307500E+007,   0.3478621661E+007,   0.1024968380E+001,   0.1247818481E+006,   0.0000000000E+000,   0.0000000000E+000,   0.0000000000E+000,   0.4538986847E+004,   0.1079325000E+007,         0,         0,   0.3349299801E+007,   0.7743953071E+006,   0.4986901021E+005
  time(s)=     48000,   0.4323296250E+007,   0.3496605742E+007,   0.1024968380E+001,   0.1247874870E+006,   0.0000000000E+000,   0.0000000000E+000,   0.2110129547E+003,   0.4040041730E+004,   0.1079325000E+007,         0,         0,   0.3367566175E+007,   0.7814271032E+006,   0.4283969331E+005
  time(s)=     48600,   0.4341285000E+007,   0.3514594492E+007,   0.1024968380E+001,   0.1247874870E+006,   0.0000000000E+000,   0.0000000000E+000,   0.0000000000E+000,   0.3748609045E+004,   0.1079325000E+007,         0,         0,   0.3386057371E+007,   0.7865613493E+006,   0.3770495415E+005
  time(s)=     49200,   0.4359273750E+007,   0.3532583242E+007,   0.1025055510E+001,   0.1247874870E+006,   0.0000000000E+000,   0.0000000000E+000,   0.1813348755E+005,   0.3603871496E+004,   0.1079325000E+007,         0,         0,   0.3386057371E+007,   0.7904476300E+006,   0.3381830083E+005
  time(s)=     49800,   0.4377262500E+007,   0.3550571992E+007,   0.1025055510E+001,   0.1247874870E+006,   0.0000000000E+000,   0.0000000000E+000,   0.0000000000E+000,   0.3559321496E+004,   0.1079325000E+007,         0,         0,   0.3422224158E+007,   0.7934704633E+006,   0.3079517940E+005
  time(s)=     50400,   0.4399248750E+007,   0.3572558242E+007,   0.1025055510E+001,   0.1247874870E+006,   0.0000000000E+000,   0.0000000000E+000,   0.2202750000E+005,   0.3518071496E+004,   0.1079325000E+007,         0,         0,   0.3422224158E+007,   0.7958756096E+006,   0.2838980351E+005
  time(s)=     51000,   0.4421235000E+007,   0.3594544492E+007,   0.1025055510E+001,   0.1247874870E+006,   0.0000000000E+000,   0.0000000000E+000,   0.0000000000E+000,   0.3476821496E+004,   0.1079325000E+007,         0,         0,   0.3466279158E+007,   0.7978222259E+006,   0.2644299809E+005
  time(s)=     51600,   0.4443221250E+007,   0.3616530742E+007,   0.1025055510E+001,   0.1247874870E+006,   0.0000000000E+000,   0.0000000000E+000,   0.2202750000E+005,   0.3435571496E+004,   0.1079325000E+007,         0,         0,   0.3466279158E+007,   0.7994184120E+006,   0.2484665528E+005
  time(s)=     52200,   0.4465207500E+007,   0.3638516992E+007,   0.1025055510E+001,   0.1247874870E+006,   0.0000000000E+000,   0.0000000000E+000,   0.0000000000E+000,   0.3396313102E+004,   0.1079325000E+007,         0,         0,   0.3510332167E+007,   0.8007464122E+006,   0.2351852543E+005
  time(s)=     52800,   0.4487193750E+007,   0.3660503242E+007,   0.1025055510E+001,   0.1247874870E+006,   0.0000000000E+000,   0.0000000000E+000,   0.2202375000E+005,   0.3358813102E+004,   0.1079325000E+007,         0,         0,   0.3510332167E+007,   0.8018659728E+006,   0.2239885535E+005
  time(s)=     53400,   0.4509180000E+007,   0.3682489492E+007,   0.1025055510E+001,   0.1247874870E+006,   0.0000000000E+000,   0.0000000000E+000,   0.0000000000E+000,   0.3321313102E+004,   0.1079325000E+007,         0,         0,   0.3554379667E+007,   0.8028202526E+006,   0.2144448214E+005
  time(s)=     54000,   0.4555151250E+007,   0.3728460742E+007,   0.1025055510E+001,   0.1247874870E+006,   0.0000000000E+000,   0.0000000000E+000,   0.4599075000E+005,   0.3301813102E+004,   0.1079325000E+007,         0,         0,   0.3554379667E+007,   0.8036399602E+006,   0.2062469225E+005
  time(s)=     54600,   0.4601122500E+007,   0.3774431992E+007,   0.1025055510E+001,   0.1247874870E+006,   0.0000000000E+000,   0.0000000000E+000,   0.0000000000E+000,   0.3282313102E+004,   0.1079325000E+007,         0,         0,   0.3646361167E+007,   0.8043487897E+006,   0.1991579144E+005
  time(s)=     55200,   0.4647093750E+007,   0.3820403242E+007,   0.1025055510E+001,   0.1247874870E+006,   0.0000000000E+000,   0.0000000000E+000,   0.4599075000E+005,   0.3262813102E+004,   0.1079325000E+007,         0,         0,   0.3646361167E+007,   0.8049663124E+006,   0.1929820652E+005
  time(s)=     55800,   0.4693065000E+007,   0.3866374492E+007,   0.1025055510E+001,   0.1247874870E+006,   0.0000000000E+000,   0.0000000000E+000,   0.0000000000E+000,   0.3243313102E+004,   0.1079325000E+007,         0,         0,   0.3738342667E+007,   0.8055085702E+006,   0.1875589437E+005
  time(s)=     56400,   0.4739036250E+007,   0.3912345742E+007,   0.1025055510E+001,   0.1247874870E+006,   0.0000000000E+000,   0.0000000000E+000,   0.4599075000E+005,   0.3223813102E+004,   0.1079325000E+007,         0,         0,   0.3738342667E+007,   0.8059881855E+006,   0.1827623078E+005
  time(s)=     57000,   0.4785007500E+007,   0.3958316992E+007,   0.1025055510E+001,   0.1247874870E+006,   0.0000000000E+000,   0.0000000000E+000,   0.0000000000E+000,   0.3204313102E+004,   0.1079325000E+007,         0,         0,   0.3830324167E+007,   0.8064143824E+006,   0.1784999005E+005
  time(s)=     57600,   0.4822983750E+007,   0.3996293242E+007,   0.1025055510E+001,   0.1247874870E+006,   0.0000000000E+000,   0.0000000000E+000,   0.3800175000E+005,   0.3178813102E+004,   0.1079325000E+007,         0,         0,   0.3830324167E+007,   0.8067952185E+006,   0.1746911524E+005
  time(s)=     58200,   0.4860960000E+007,   0.4034269492E+007,   0.1025055510E+001,   0.1247874870E+006,   0.0000000000E+000,   0.0000000000E+000,   0.0000000000E+000,   0.3153313102E+004,   0.1079325000E+007,         0,         0,   0.3906327667E+007,   0.8071374407E+006,   0.1712685785E+005
  time(s)=     58800,   0.4898936250E+007,   0.4072245742E+007,   0.1025055510E+001,   0.1247874870E+006,   0.0000000000E+000,   0.0000000000E+000,   0.3800175000E+005,   0.3127813102E+004,   0.1079325000E+007,         0,         0,   0.3906327667E+007,   0.8074459966E+006,   0.1681826967E+005
  time(s)=     59400,   0.4936912500E+007,   0.4110221992E+007,   0.1025055510E+001,   0.1247874870E+006,   0.0000000000E+000,   0.0000000000E+000,   0.0000000000E+000,   0.3102313102E+004,   0.1079325000E+007,         0,         0,   0.3982331167E+007,   0.8077248770E+006,   0.1653935933E+005
  time(s)=     60000,   0.4974888750E+007,   0.4148198242E+007,   0.1025055510E+001,   0.1247874870E+006,   0.0000000000E+000,   0.0000000000E+000,   0.3800175000E+005,   0.3076813102E+004,   0.1079325000E+007,         0,         0,   0.3982331167E+007,   0.8079773459E+006,   0.1628686213E+005
  time(s)=     60600,   0.5012865000E+007,   0.4186174492E+007,   0.1025055510E+001,   0.1247874870E+006,   0.0000000000E+000,   0.0000000000E+000,   0.0000000000E+000,   0.3051313102E+004,   0.1079325000E+007,         0,         0,   0.4058334667E+007,   0.8082056380E+006,   0.1605854342E+005
  time(s)=     61200,   0.5024857500E+007,   0.4198166992E+007,   0.1025055510E+001,   0.1247874870E+006,   0.0000000000E+000,   0.0000000000E+000,   0.1203750000E+005,   0.3006313102E+004,   0.1079325000E+007,         0,         0,   0.4058334667E+007,   0.8084129178E+006,   0.1585123980E+005
  time(s)=     61800,   0.5036850000E+007,   0.4210159492E+007,   0.1025055510E+001,   0.1247874870E+006,   0.0000000000E+000,   0.0000000000E+000,   0.0000000000E+000,   0.2963937213E+004,   0.1079325000E+007,         0,         0,   0.4082407043E+007,   0.8086018166E+006,   0.1566231904E+005
  time(s)=     62400,   0.5048842500E+007,   0.4222151992E+007,   0.1025055510E+001,   0.1247874870E+006,   0.0000000000E+000,   0.0000000000E+000,   0.1203300000E+005,   0.2923437213E+004,   0.1079325000E+007,         0,         0,   0.4082407043E+007,   0.8087744989E+006,   0.1548961656E+005
  time(s)=     63000,   0.5060835000E+007,   0.4234144492E+007,   0.1025055510E+001,   0.1247874870E+006,   0.0000000000E+000,   0.0000000000E+000,   0.0000000000E+000,   0.2882937213E+004,   0.1079325000E+007,         0,         0,   0.4106473043E+007,   0.8089328712E+006,   0.1533122581E+005
  time(s)=     63600,   0.5072827500E+007,   0.4246136992E+007,   0.1025055510E+001,   0.1247874870E+006,   0.0000000000E+000,   0.0000000000E+000,   0.1203300000E+005,   0.2842437213E+004,   0.1079325000E+007,         0,         0,   0.4106473043E+007,   0.8090785422E+006,   0.1518553768E+005
  time(s)=     64200,   0.5084820000E+007,   0.4258129492E+007,   0.1025055510E+001,   0.1247874870E+006,   0.0000000000E+000,   0.0000000000E+000,   0.0000000000E+000,   0.2801937213E+004,   0.1079325000E+007,         0,         0,   0.4130539043E+007,   0.8092128638E+006,   0.1505120018E+005
  time(s)=     64800,   0.5088817500E+007,   0.4262126992E+007,   0.1025055510E+001,   0.1247874870E+006,   0.0000000000E+000,   0.0000000000E+000,   0.4043400000E+004,   0.2756037213E+004,   0.1079325000E+007,         0,         0,   0.4130539043E+007,   0.8093369884E+006,   0.1492706070E+005
  time(s)=     65400,   0.5092815000E+007,   0.4266124492E+007,   0.1025055510E+001,   0.1247874870E+006,   0.0000000000E+000,   0.0000000000E+000,   0.0000000000E+000,   0.2710137213E+004,   0.1079325000E+007,         0,         0,   0.4138625843E+007,   0.8094519117E+006,   0.1481212396E+005
  time(s)=     66000,   0.5096812500E+007,   0.4270121992E+007,   0.1025055510E+001,   0.1247874870E+006,   0.0000000000E+000,   0.0000000000E+000,   0.4043400000E+004,   0.2664237213E+004,   0.1079325000E+007,         0,         0,   0.4138625843E+007,   0.8095585024E+006,   0.1470552046E+005
  time(s)=     66600,   0.5100810000E+007,   0.4274119492E+007,   0.1025055510E+001,   0.1247874870E+006,   0.0000000000E+000,   0.0000000000E+000,   0.0000000000E+000,   0.2618337213E+004,   0.1079325000E+007,         0,         0,   0.4146712643E+007,   0.8096575267E+006,   0.1460648373E+005
  time(s)=     67200,   0.5104807500E+007,   0.4278116992E+007,   0.1025055510E+001,   0.1247874870E+006,   0.0000000000E+000,   0.0000000000E+000,   0.4043400000E+004,   0.2572437213E+004,   0.1079325000E+007,         0,         0,   0.4146712643E+007,   0.8097496655E+006,   0.1451433589E+005
  time(s)=     67800,   0.5108805000E+007,   0.4282114492E+007,   0.1025055510E+001,   0.1247874870E+006,   0.0000000000E+000,   0.0000000000E+000,   0.0000000000E+000,   0.2526537213E+004,   0.1079325000E+007,         0,         0,   0.4154799443E+007,   0.8098355230E+006,   0.1442846729E+005
  time(s)=     68400,   0.5122796250E+007,   0.4296105742E+007,   0.1025055510E+001,   0.1247874870E+006,   0.0000000000E+000,   0.0000000000E+000,   0.1403040000E+005,   0.2487387213E+004,   0.1079325000E+007,         0,         0,   0.4154799443E+007,   0.8099156484E+006,   0.1434833329E+005
  time(s)=     69000,   0.5136787500E+007,   0.4310096992E+007,   0.1025055510E+001,   0.1247874870E+006,   0.0000000000E+000,   0.0000000000E+000,   0.0000000000E+000,   0.2448237213E+004,   0.1079325000E+007,         0,         0,   0.4182860243E+007,   0.8099905275E+006,   0.1427344573E+005
  time(s)=     69600,   0.5150778750E+007,   0.4324088242E+007,   0.1025055510E+001,   0.1247874870E+006,   0.0000000000E+000,   0.0000000000E+000,   0.1402676720E+005,   0.2412720017E+004,   0.1079325000E+007,         0,         0,   0.4182860243E+007,   0.8100606019E+006,   0.1420336336E+005
  time(s)=     70200,   0.5164770000E+007,   0.4338079492E+007,   0.1025055510E+001,   0.1247874870E+006,   0.0000000000E+000,   0.0000000000E+000,   0.0000000000E+000,   0.2377920017E+004,   0.1079325000E+007,         0,         0,   0.4210913060E+007,   0.8101262668E+006,   0.1413768932E+005
  time(s)=     70800,   0.5178761250E+007,   0.4352070742E+007,   0.1025055510E+001,   0.1247874870E+006,   0.0000000000E+000,   0.0000000000E+000,   0.1402605000E+005,   0.2343120017E+004,   0.1079325000E+007,         0,         0,   0.4210913060E+007,   0.8101878795E+006,   0.1407606804E+005
  time(s)=     71400,   0.5192752500E+007,   0.4366061992E+007,   0.1025055510E+001,   0.1247874870E+006,   0.0000000000E+000,   0.0000000000E+000,   0.0000000000E+000,   0.2308320017E+004,   0.1079325000E+007,         0,         0,   0.4238965160E+007,   0.8102457589E+006,   0.1401818129E+005
  time(s)=     72000,   0.5194751250E+007,   0.4368060742E+007,   0.1025055510E+001,   0.1247874870E+006,   0.0000000000E+000,   0.0000000000E+000,   0.2040750000E+004,   0.2266320017E+004,   0.1079325000E+007,         0,         0,   0.4238965160E+007,   0.8103001916E+006,   0.1396374113E+005
  time(s)=     72600,   0.5196750000E+007,   0.4370059492E+007,   0.1025055510E+001,   0.1247874870E+006,   0.0000000000E+000,   0.0000000000E+000,   0.0000000000E+000,   0.2224320017E+004,   0.1079325000E+007,         0,         0,   0.4243046660E+007,   0.8103514358E+006,   0.1391248955E+005
  time(s)=     73200,   0.5198748750E+007,   0.4372058242E+007,   0.1025055510E+001,   0.1247874870E+006,   0.0000000000E+000,   0.0000000000E+000,   0.2040750000E+004,   0.2182320017E+004,   0.1079325000E+007,         0,         0,   0.4243046660E+007,   0.8103997217E+006,   0.1386419722E+005
  time(s)=     73800,   0.5200747500E+007,   0.4374056992E+007,   0.1025055510E+001,   0.1247874870E+006,   0.0000000000E+000,   0.0000000000E+000,   0.0000000000E+000,   0.2140320017E+004,   0.1079325000E+007,         0,         0,   0.4247128160E+007,   0.8104452539E+006,   0.1381865826E+005
  time(s)=     74400,   0.5202746250E+007,   0.4376055742E+007,   0.1025055510E+001,   0.1247874870E+006,   0.0000000000E+000,   0.0000000000E+000,   0.2040750000E+004,   0.2098320017E+004,   0.1079325000E+007,         0,         0,   0.4247128160E+007,   0.8104882165E+006,   0.1377569178E+005
  time(s)=     75000,   0.5204745000E+007,   0.4378054492E+007,   0.1025055510E+001,   0.1247874870E+006,   0.0000000000E+000,   0.0000000000E+000,   0.0000000000E+000,   0.2056320017E+004,   0.1079325000E+007,         0,         0,   0.4251209660E+007,   0.8105287699E+006,   0.1373513368E+005
  time(s)=     75600,   0.5204745000E+007,   0.4378054492E+007,   0.1025055510E+001,   0.1247874870E+006,   0.0000000000E+000,   0.0000000000E+000,   0.4320000000E+002,   0.2013120017E+004,   0.1079325000E+007,         0,         0,   0.4251209660E+007,   0.8105670579E+006,   0.1369684027E+005
  time(s)=     76200,   0.5204745000E+007,   0.4378054492E+007,   0.1025055510E+001,   0.1247874870E+006,   0.0000000000E+000,   0.0000000000E+000,   0.0000000000E+000,   0.1969920017E+004,   0.1079325000E+007,         0,         0,   0.4251296060E+007,   0.8106031975E+006,   0.1366069744E+005
  time(s)=     76800,   0.5204745000E+007,   0.4378054492E+007,   0.1025055510E+001,   0.1247874870E+006,   0.0000000000E+000,   0.0000000000E+000,   0.4320000000E+002,   0.1926720017E+004,   0.1079325000E+007,         0,         0,   0.4251296060E+007,   0.8106372697E+006,   0.1362661938E+005
  time(s)=     77400,   0.5204745000E+007,   0.4378054492E+007,   0.1025055510E+001,   0.1247874870E+006,   0.0000000000E+000,   0.0000000000E+000,   0.0000000000E+000,   0.1883520017E+004,   0.1079325000E+007,         0,         0,   0.4251382460E+007,   0.8106693035E+006,   0.1359458026E+005
  time(s)=     78000,   0.5204745000E+007,   0.4378054492E+007,   0.1025055510E+001,   0.1247874870E+006,   0.0000000000E+000,   0.0000000000E+000,   0.4320000000E+002,   0.1840320017E+004,   0.1079325000E+007,         0,         0,   0.4251382460E+007,   0.8106991907E+006,   0.1356468708E+005
  time(s)=     78600,   0.5204745000E+007,   0.4378054492E+007,   0.1025055510E+001,   0.1247874870E+006,   0.0000000000E+000,   0.0000000000E+000,   0.0000000000E+000,   0.1800860053E+004,   0.1079325000E+007,         0,         0,   0.4251465120E+007,   0.8107265313E+006,   0.1353733792E+005
  time(s)=     79200,   0.5206743750E+007,   0.4380053242E+007,   0.1025055510E+001,   0.1247874870E+006,   0.0000000000E+000,   0.0000000000E+000,   0.2033846516E+004,   0.1765763538E+004,   0.1079325000E+007,         0,         0,   0.4251465120E+007,   0.8107506763E+006,   0.1351318559E+005
  time(s)=     79800,   0.5208742500E+007,   0.4382051992E+007,   0.1025055510E+001,   0.1247874870E+006,   0.0000000000E+000,   0.0000000000E+000,   0.0000000000E+000,   0.1734263538E+004,   0.1079325000E+007,         0,         0,   0.4255529216E+007,   0.8107711680E+006,   0.1349268268E+005
  time(s)=     80400,   0.5210741250E+007,   0.4384050742E+007,   0.1025055510E+001,   0.1247874870E+006,   0.0000000000E+000,   0.0000000000E+000,   0.2028323520E+004,   0.1704690017E+004,   0.1079325000E+007,         0,         0,   0.4255529216E+007,   0.8107877589E+006,   0.1347608260E+005
  time(s)=     81000,   0.5212740000E+007,   0.4386049492E+007,   0.1025055510E+001,   0.1247874870E+006,   0.0000000000E+000,   0.0000000000E+000,   0.0000000000E+000,   0.1678440017E+004,   0.1079325000E+007,         0,         0,   0.4259582540E+007,   0.8107990678E+006,   0.1346475123E+005
  time(s)=     81600,   0.5214738750E+007,   0.4388048242E+007,   0.1025055510E+001,   0.1247874870E+006,   0.0000000000E+000,   0.0000000000E+000,   0.2025000000E+004,   0.1652190017E+004,   0.1079325000E+007,         0,         0,   0.4259582540E+007,   0.8108010181E+006,   0.1346278017E+005
  time(s)=     82200,   0.5216737500E+007,   0.4390046992E+007,   0.1025055510E+001,   0.1247874870E+006,   0.0000000000E+000,   0.0000000000E+000,   0.0000000000E+000,   0.1625940017E+004,   0.1079325000E+007,         0,         0,   0.4263632540E+007,   0.8108022574E+006,   0.1346154089E+005
  time(s)=     82800,   0.5238723750E+007,   0.4412033242E+007,   0.1025055510E+001,   0.1247874870E+006,   0.0000000000E+000,   0.0000000000E+000,   0.2200500000E+005,   0.1607190017E+004,   0.1079325000E+007,         0,         0,   0.4263632540E+007,   0.8108033912E+006,   0.1346042128E+005
  time(s)=     83400,   0.5260710000E+007,   0.4434019492E+007,   0.1025055510E+001,   0.1247874870E+006,   0.0000000000E+000,   0.0000000000E+000,   0.0000000000E+000,   0.1588440017E+004,   0.1079325000E+007,         0,         0,   0.4307642540E+007,   0.8108050445E+006,   0.1345874876E+005
  time(s)=     84000,   0.5282696250E+007,   0.4456005742E+007,   0.1025055510E+001,   0.1247874870E+006,   0.0000000000E+000,   0.0000000000E+000,   0.2200500000E+005,   0.1569690017E+004,   0.1079325000E+007,         0,         0,   0.4307642540E+007,   0.8108056964E+006,   0.1345811103E+005
  time(s)=     84600,   0.5304682500E+007,   0.4477991992E+007,   0.1025055510E+001,   0.1247874870E+006,   0.0000000000E+000,   0.0000000000E+000,   0.0000000000E+000,   0.1550940017E+004,   0.1079325000E+007,         0,         0,   0.4351652540E+007,   0.8108067088E+006,   0.1345708405E+005
  time(s)=     85200,   0.5326668750E+007,   0.4499978242E+007,   0.1025055510E+001,   0.1247874870E+006,   0.0000000000E+000,   0.0000000000E+000,   0.2200500000E+005,   0.1532190017E+004,   0.1079325000E+007,         0,         0,   0.4351652540E+007,   0.8108081306E+006,   0.1345566227E+005
  time(s)=     85800,   0.5348655000E+007,   0.4521964492E+007,   0.1025055510E+001,   0.1247874870E+006,   0.0000000000E+000,   0.0000000000E+000,   0.0000000000E+000,   0.1513440017E+004,   0.1079325000E+007,         0,         0,   0.4395662540E+007,   0.8108091504E+006,   0.1345464244E+005
  time(s)=     86400,   0.5352652500E+007,   0.4525961992E+007,   0.1025055510E+001,   0.1247874870E+006,   0.0000000000E+000,   0.0000000000E+000,   0.4023000000E+004,   0.1487940017E+004,   0.1079325000E+007,         0,         0,   0.4395662540E+007,   0.8108103319E+006,   0.1345346090E+005
