         435
x,y,i,j
      12815.000,      -9960.000,  343,   41
      12805.000,      -9900.000,  342,   47
      12795.000,      -9850.000,  341,   52
      12785.000,      -9790.000,  340,   58
      12775.000,      -9740.000,  339,   63
      12765.000,      -9680.000,  338,   69
      12755.000,      -9630.000,  337,   74
      12745.000,      -9570.000,  336,   80
      12735.000,      -9510.000,  335,   86
      12725.000,      -9370.000,  334,  100
      12715.000,      -9230.000,  333,  114
      12705.000,      -9090.000,  332,  128
      12695.000,      -8950.000,  331,  142
       9405.000,      -4360.000,    2,  601
       9415.000,      -4290.000,    3,  608
       9425.000,      -4220.000,    4,  615
       9435.000,      -4160.000,    5,  621
       9445.000,      -4090.000,    6,  628
       9455.000,      -4020.000,    7,  635
      13615.000,      -4000.000,  423,  637
       9465.000,      -3950.000,    8,  642
      13605.000,      -3940.000,  422,  643
       9475.000,      -3890.000,    9,  648
      13595.000,      -3880.000,  421,  649
       9485.000,      -3820.000,   10,  655
      13585.000,      -3820.000,  420,  655
      13575.000,      -3760.000,  419,  661
       9495.000,      -3750.000,   11,  662
      13565.000,      -3700.000,  418,  667
       9505.000,      -3690.000,   12,  668
      13555.000,      -3650.000,  417,  672
       9515.000,      -3620.000,   13,  675
      13545.000,      -3590.000,  416,  678
       9525.000,      -3550.000,   14,  682
      13535.000,      -3530.000,  415,  684
       9535.000,      -3480.000,   15,  689
      13525.000,      -3470.000,  414,  690
       9545.000,      -3450.000,   16,  692
       9555.000,      -3440.000,   17,  693
       9565.000,      -3420.000,   18,  695
       9575.000,      -3410.000,   19,  696
      13515.000,      -3410.000,  413,  696
       9585.000,      -3390.000,   20,  698
       9595.000,      -3370.000,   21,  700
       9605.000,      -3360.000,   22,  701
      13505.000,      -3350.000,  412,  702
       9615.000,      -3340.000,   23,  703
       9625.000,      -3330.000,   24,  704
       9635.000,      -3310.000,   25,  706
      13495.000,      -3300.000,  411,  707
       9645.000,      -3290.000,   26,  708
       9655.000,      -3280.000,   27,  709
       9665.000,      -3260.000,   28,  711
       9675.000,      -3250.000,   29,  712
      13485.000,      -3240.000,  410,  713
       9685.000,      -3230.000,   30,  714
       9695.000,      -3210.000,   31,  716
       9705.000,      -3200.000,   32,  717
       9715.000,      -3180.000,   33,  719
      13475.000,      -3180.000,  409,  719
       9725.000,      -3170.000,   34,  720
      13465.000,      -3170.000,  408,  720
       9735.000,      -3150.000,   35,  722
      13455.000,      -3150.000,  407,  722
       9745.000,      -3140.000,   36,  723
      13445.000,      -3140.000,  406,  723
      13435.000,      -3130.000,  405,  724
       9755.000,      -3120.000,   37,  725
      13425.000,      -3110.000,  404,  726
       9765.000,      -3100.000,   38,  727
      13415.000,      -3100.000,  403,  727
       9775.000,      -3090.000,   39,  728
      13405.000,      -3080.000,  402,  729
       9785.000,      -3070.000,   40,  730
      13395.000,      -3070.000,  401,  730
       9795.000,      -3060.000,   41,  731
      13385.000,      -3060.000,  400,  731
       9805.000,      -3040.000,   42,  733
      13375.000,      -3040.000,  399,  733
      13365.000,      -3030.000,  398,  734
       9815.000,      -3020.000,   43,  735
      13355.000,      -3020.000,  397,  735
       9825.000,      -3010.000,   44,  736
      13345.000,      -3000.000,  396,  737
       9835.000,      -2990.000,   45,  738
      13335.000,      -2990.000,  395,  738
       9845.000,      -2980.000,   46,  739
      13325.000,      -2970.000,  394,  740
       9855.000,      -2960.000,   47,  741
      13315.000,      -2960.000,  393,  741
      13305.000,      -2950.000,  392,  742
       9865.000,      -2940.000,   48,  743
       9875.000,      -2930.000,   49,  744
      13295.000,      -2930.000,  391,  744
       9885.000,      -2920.000,   50,  745
      13285.000,      -2920.000,  390,  745
       9895.000,      -2910.000,   51,  746
       9905.000,      -2910.000,   52,  746
      13275.000,      -2910.000,  389,  746
       9915.000,      -2900.000,   53,  747
       9925.000,      -2890.000,   54,  748
      13265.000,      -2890.000,  388,  748
       9935.000,      -2880.000,   55,  749
      13255.000,      -2880.000,  387,  749
       9945.000,      -2870.000,   56,  750
       9955.000,      -2860.000,   57,  751
       9965.000,      -2860.000,   58,  751
      13245.000,      -2860.000,  386,  751
       9975.000,      -2850.000,   59,  752
      13235.000,      -2850.000,  385,  752
       9985.000,      -2840.000,   60,  753
      13225.000,      -2840.000,  384,  753
       9995.000,      -2830.000,   61,  754
      10005.000,      -2820.000,   62,  755
      13215.000,      -2820.000,  383,  755
      10015.000,      -2810.000,   63,  756
      10025.000,      -2810.000,   64,  756
      13205.000,      -2810.000,  382,  756
      10035.000,      -2800.000,   65,  757
      10045.000,      -2790.000,   66,  758
      13195.000,      -2790.000,  381,  758
      10055.000,      -2780.000,   67,  759
      13185.000,      -2780.000,  380,  759
      10065.000,      -2770.000,   68,  760
      13175.000,      -2770.000,  379,  760
      10075.000,      -2760.000,   69,  761
      10085.000,      -2760.000,   70,  761
      10095.000,      -2750.000,   71,  762
      13165.000,      -2750.000,  378,  762
      10105.000,      -2740.000,   72,  763
      13155.000,      -2740.000,  377,  763
      10115.000,      -2730.000,   73,  764
      13145.000,      -2730.000,  376,  764
      10125.000,      -2720.000,   74,  765
      10135.000,      -2710.000,   75,  766
      10145.000,      -2710.000,   76,  766
      13135.000,      -2710.000,  375,  766
      10155.000,      -2700.000,   77,  767
      13125.000,      -2700.000,  374,  767
      10165.000,      -2690.000,   78,  768
      10175.000,      -2680.000,   79,  769
      13115.000,      -2680.000,  373,  769
      10185.000,      -2670.000,   80,  770
      13105.000,      -2670.000,  372,  770
      10195.000,      -2660.000,   81,  771
      10205.000,      -2660.000,   82,  771
      13095.000,      -2660.000,  371,  771
      10215.000,      -2650.000,   83,  772
      10225.000,      -2640.000,   84,  773
      13085.000,      -2640.000,  370,  773
      10235.000,      -2630.000,   85,  774
      13075.000,      -2630.000,  369,  774
      10245.000,      -2620.000,   86,  775
      13065.000,      -2620.000,  368,  775
      10255.000,      -2610.000,   87,  776
      10265.000,      -2610.000,   88,  776
      10275.000,      -2600.000,   89,  777
      13055.000,      -2600.000,  367,  777
      10285.000,      -2590.000,   90,  778
      13045.000,      -2590.000,  366,  778
      10295.000,      -2580.000,   91,  779
      10305.000,      -2570.000,   92,  780
      13035.000,      -2570.000,  365,  780
      10315.000,      -2560.000,   93,  781
      10325.000,      -2560.000,   94,  781
      13025.000,      -2560.000,  364,  781
      10335.000,      -2550.000,   95,  782
      13015.000,      -2550.000,  363,  782
      10345.000,      -2540.000,   96,  783
      12995.000,      -2540.000,  361,  783
      13005.000,      -2540.000,  362,  783
      10355.000,      -2530.000,   97,  784
      12985.000,      -2530.000,  360,  784
      10365.000,      -2520.000,   98,  785
      12965.000,      -2520.000,  358,  785
      12975.000,      -2520.000,  359,  785
      10375.000,      -2510.000,   99,  786
      10385.000,      -2510.000,  100,  786
      12955.000,      -2510.000,  357,  786
      10395.000,      -2500.000,  101,  787
      12935.000,      -2500.000,  355,  787
      12945.000,      -2500.000,  356,  787
      10405.000,      -2490.000,  102,  788
      12925.000,      -2490.000,  354,  788
      10415.000,      -2480.000,  103,  789
      12905.000,      -2480.000,  352,  789
      12915.000,      -2480.000,  353,  789
      10425.000,      -2470.000,  104,  790
      12885.000,      -2470.000,  350,  790
      12895.000,      -2470.000,  351,  790
      10435.000,      -2460.000,  105,  791
      10445.000,      -2460.000,  106,  791
      12875.000,      -2460.000,  349,  791
      10455.000,      -2450.000,  107,  792
      12855.000,      -2450.000,  347,  792
      12865.000,      -2450.000,  348,  792
      10465.000,      -2440.000,  108,  793
      12845.000,      -2440.000,  346,  793
      10475.000,      -2430.000,  109,  794
      12825.000,      -2430.000,  344,  794
      12835.000,      -2430.000,  345,  794
      10485.000,      -2420.000,  110,  795
      12815.000,      -2420.000,  343,  795
      10495.000,      -2410.000,  111,  796
      10505.000,      -2410.000,  112,  796
      12795.000,      -2410.000,  341,  796
      12805.000,      -2410.000,  342,  796
      10515.000,      -2400.000,  113,  797
      12785.000,      -2400.000,  340,  797
      10525.000,      -2390.000,  114,  798
      12765.000,      -2390.000,  338,  798
      12775.000,      -2390.000,  339,  798
      10535.000,      -2380.000,  115,  799
      12755.000,      -2380.000,  337,  799
      10545.000,      -2370.000,  116,  800
      12735.000,      -2370.000,  335,  800
      12745.000,      -2370.000,  336,  800
      10555.000,      -2360.000,  117,  801
      10565.000,      -2360.000,  118,  801
      12725.000,      -2360.000,  334,  801
      10575.000,      -2350.000,  119,  802
      12705.000,      -2350.000,  332,  802
      12715.000,      -2350.000,  333,  802
      10585.000,      -2340.000,  120,  803
      12685.000,      -2340.000,  330,  803
      12695.000,      -2340.000,  331,  803
      10595.000,      -2330.000,  121,  804
      12675.000,      -2330.000,  329,  804
      10605.000,      -2320.000,  122,  805
      10615.000,      -2320.000,  123,  805
      12655.000,      -2320.000,  327,  805
      12665.000,      -2320.000,  328,  805
      10625.000,      -2310.000,  124,  806
      10635.000,      -2310.000,  125,  806
      12645.000,      -2310.000,  326,  806
      10645.000,      -2300.000,  126,  807
      10655.000,      -2300.000,  127,  807
      12625.000,      -2300.000,  324,  807
      12635.000,      -2300.000,  325,  807
      10665.000,      -2290.000,  128,  808
      10675.000,      -2290.000,  129,  808
      12615.000,      -2290.000,  323,  808
      10685.000,      -2280.000,  130,  809
      10695.000,      -2280.000,  131,  809
      12595.000,      -2280.000,  321,  809
      12605.000,      -2280.000,  322,  809
      10705.000,      -2270.000,  132,  810
      10715.000,      -2270.000,  133,  810
      12585.000,      -2270.000,  320,  810
      10725.000,      -2260.000,  134,  811
      10735.000,      -2260.000,  135,  811
      12565.000,      -2260.000,  318,  811
      12575.000,      -2260.000,  319,  811
      10745.000,      -2250.000,  136,  812
      10755.000,      -2250.000,  137,  812
      10765.000,      -2250.000,  138,  812
      12555.000,      -2250.000,  317,  812
      10775.000,      -2240.000,  139,  813
      10785.000,      -2240.000,  140,  813
      12535.000,      -2240.000,  315,  813
      12545.000,      -2240.000,  316,  813
      10795.000,      -2230.000,  141,  814
      10805.000,      -2230.000,  142,  814
      12515.000,      -2230.000,  313,  814
      12525.000,      -2230.000,  314,  814
      10815.000,      -2220.000,  143,  815
      10825.000,      -2220.000,  144,  815
      12505.000,      -2220.000,  312,  815
      10835.000,      -2210.000,  145,  816
      10845.000,      -2210.000,  146,  816
      12485.000,      -2210.000,  310,  816
      12495.000,      -2210.000,  311,  816
      10855.000,      -2200.000,  147,  817
      10865.000,      -2200.000,  148,  817
      12475.000,      -2200.000,  309,  817
      10875.000,      -2190.000,  149,  818
      10885.000,      -2190.000,  150,  818
      12455.000,      -2190.000,  307,  818
      12465.000,      -2190.000,  308,  818
      10895.000,      -2180.000,  151,  819
      10905.000,      -2180.000,  152,  819
      12445.000,      -2180.000,  306,  819
      10915.000,      -2170.000,  153,  820
      10925.000,      -2170.000,  154,  820
      10935.000,      -2170.000,  155,  820
      12425.000,      -2170.000,  304,  820
      12435.000,      -2170.000,  305,  820
      10945.000,      -2160.000,  156,  821
      10955.000,      -2160.000,  157,  821
      12415.000,      -2160.000,  303,  821
      10965.000,      -2150.000,  158,  822
      10975.000,      -2150.000,  159,  822
      12395.000,      -2150.000,  301,  822
      12405.000,      -2150.000,  302,  822
      10985.000,      -2140.000,  160,  823
      10995.000,      -2140.000,  161,  823
      12385.000,      -2140.000,  300,  823
      11005.000,      -2130.000,  162,  824
      11015.000,      -2130.000,  163,  824
      12365.000,      -2130.000,  298,  824
      12375.000,      -2130.000,  299,  824
      11025.000,      -2120.000,  164,  825
      11035.000,      -2120.000,  165,  825
      12335.000,      -2120.000,  295,  825
      12345.000,      -2120.000,  296,  825
      12355.000,      -2120.000,  297,  825
      11045.000,      -2110.000,  166,  826
      11055.000,      -2110.000,  167,  826
      12285.000,      -2110.000,  290,  826
      12295.000,      -2110.000,  291,  826
      12305.000,      -2110.000,  292,  826
      12315.000,      -2110.000,  293,  826
      12325.000,      -2110.000,  294,  826
      11065.000,      -2100.000,  168,  827
      11075.000,      -2100.000,  169,  827
      12235.000,      -2100.000,  285,  827
      12245.000,      -2100.000,  286,  827
      12255.000,      -2100.000,  287,  827
      12265.000,      -2100.000,  288,  827
      12275.000,      -2100.000,  289,  827
      11085.000,      -2090.000,  170,  828
      11095.000,      -2090.000,  171,  828
      11105.000,      -2090.000,  172,  828
      12195.000,      -2090.000,  281,  828
      12205.000,      -2090.000,  282,  828
      12215.000,      -2090.000,  283,  828
      12225.000,      -2090.000,  284,  828
      11115.000,      -2080.000,  173,  829
      11125.000,      -2080.000,  174,  829
      12145.000,      -2080.000,  276,  829
      12155.000,      -2080.000,  277,  829
      12165.000,      -2080.000,  278,  829
      12175.000,      -2080.000,  279,  829
      12185.000,      -2080.000,  280,  829
      11135.000,      -2070.000,  175,  830
      11145.000,      -2070.000,  176,  830
      12095.000,      -2070.000,  271,  830
      12105.000,      -2070.000,  272,  830
      12115.000,      -2070.000,  273,  830
      12125.000,      -2070.000,  274,  830
      12135.000,      -2070.000,  275,  830
      11155.000,      -2060.000,  177,  831
      11165.000,      -2060.000,  178,  831
      12055.000,      -2060.000,  267,  831
      12065.000,      -2060.000,  268,  831
      12075.000,      -2060.000,  269,  831
      12085.000,      -2060.000,  270,  831
      11175.000,      -2050.000,  179,  832
      11185.000,      -2050.000,  180,  832
      12005.000,      -2050.000,  262,  832
      12015.000,      -2050.000,  263,  832
      12025.000,      -2050.000,  264,  832
      12035.000,      -2050.000,  265,  832
      12045.000,      -2050.000,  266,  832
      11195.000,      -2040.000,  181,  833
      11205.000,      -2040.000,  182,  833
      11955.000,      -2040.000,  257,  833
      11965.000,      -2040.000,  258,  833
      11975.000,      -2040.000,  259,  833
      11985.000,      -2040.000,  260,  833
      11995.000,      -2040.000,  261,  833
      11215.000,      -2030.000,  183,  834
      11225.000,      -2030.000,  184,  834
      11905.000,      -2030.000,  252,  834
      11915.000,      -2030.000,  253,  834
      11925.000,      -2030.000,  254,  834
      11935.000,      -2030.000,  255,  834
      11945.000,      -2030.000,  256,  834
      11235.000,      -2020.000,  185,  835
      11245.000,      -2020.000,  186,  835
      11255.000,      -2020.000,  187,  835
      11265.000,      -2020.000,  188,  835
      11275.000,      -2020.000,  189,  835
      11285.000,      -2020.000,  190,  835
      11295.000,      -2020.000,  191,  835
      11305.000,      -2020.000,  192,  835
      11315.000,      -2020.000,  193,  835
      11865.000,      -2020.000,  248,  835
      11875.000,      -2020.000,  249,  835
      11885.000,      -2020.000,  250,  835
      11895.000,      -2020.000,  251,  835
      11325.000,      -2010.000,  194,  836
      11335.000,      -2010.000,  195,  836
      11345.000,      -2010.000,  196,  836
      11355.000,      -2010.000,  197,  836
      11365.000,      -2010.000,  198,  836
      11375.000,      -2010.000,  199,  836
      11385.000,      -2010.000,  200,  836
      11395.000,      -2010.000,  201,  836
      11405.000,      -2010.000,  202,  836
      11415.000,      -2010.000,  203,  836
      11425.000,      -2010.000,  204,  836
      11435.000,      -2010.000,  205,  836
      11815.000,      -2010.000,  243,  836
      11825.000,      -2010.000,  244,  836
      11835.000,      -2010.000,  245,  836
      11845.000,      -2010.000,  246,  836
      11855.000,      -2010.000,  247,  836
      11445.000,      -2000.000,  206,  837
      11455.000,      -2000.000,  207,  837
      11465.000,      -2000.000,  208,  837
      11475.000,      -2000.000,  209,  837
      11485.000,      -2000.000,  210,  837
      11495.000,      -2000.000,  211,  837
      11505.000,      -2000.000,  212,  837
      11515.000,      -2000.000,  213,  837
      11525.000,      -2000.000,  214,  837
      11535.000,      -2000.000,  215,  837
      11545.000,      -2000.000,  216,  837
      11555.000,      -2000.000,  217,  837
      11565.000,      -2000.000,  218,  837
      11765.000,      -2000.000,  238,  837
      11775.000,      -2000.000,  239,  837
      11785.000,      -2000.000,  240,  837
      11795.000,      -2000.000,  241,  837
      11805.000,      -2000.000,  242,  837
      11575.000,      -1990.000,  219,  838
      11585.000,      -1990.000,  220,  838
      11595.000,      -1990.000,  221,  838
      11605.000,      -1990.000,  222,  838
      11615.000,      -1990.000,  223,  838
      11625.000,      -1990.000,  224,  838
      11635.000,      -1990.000,  225,  838
      11645.000,      -1990.000,  226,  838
      11655.000,      -1990.000,  227,  838
      11665.000,      -1990.000,  228,  838
      11675.000,      -1990.000,  229,  838
      11685.000,      -1990.000,  230,  838
      11695.000,      -1990.000,  231,  838
      11715.000,      -1990.000,  233,  838
      11725.000,      -1990.000,  234,  838
      11735.000,      -1990.000,  235,  838
      11745.000,      -1990.000,  236,  838
      11755.000,      -1990.000,  237,  838
      11705.000,      -1980.000,  232,  839
