         836
x,y,i,j
      12500.000,     -10335.000,  312,    3
      12480.000,     -10325.000,  310,    4
      12460.000,     -10315.000,  308,    5
      12440.000,     -10305.000,  306,    6
      12420.000,     -10295.000,  304,    7
      12400.000,     -10285.000,  302,    8
      12380.000,     -10275.000,  300,    9
      12360.000,     -10265.000,  298,   10
      12340.000,     -10255.000,  296,   11
      12320.000,     -10245.000,  294,   12
      12310.000,     -10235.000,  293,   13
      12290.000,     -10225.000,  291,   14
      12270.000,     -10215.000,  289,   15
      12250.000,     -10205.000,  287,   16
      12230.000,     -10195.000,  285,   17
      12210.000,     -10185.000,  283,   18
      12190.000,     -10175.000,  281,   19
      12170.000,     -10165.000,  279,   20
      12150.000,     -10155.000,  277,   21
      12130.000,     -10145.000,  275,   22
      12110.000,     -10135.000,  273,   23
      12090.000,     -10125.000,  271,   24
      12070.000,     -10115.000,  269,   25
      12050.000,     -10105.000,  267,   26
      12030.000,     -10095.000,  265,   27
      12010.000,     -10085.000,  263,   28
      11990.000,     -10075.000,  261,   29
      11980.000,     -10065.000,  260,   30
      11970.000,     -10055.000,  259,   31
      11960.000,     -10045.000,  258,   32
      11950.000,     -10035.000,  257,   33
      11940.000,     -10025.000,  256,   34
      11940.000,     -10015.000,  256,   35
      11930.000,     -10005.000,  255,   36
      11920.000,      -9995.000,  254,   37
      11910.000,      -9985.000,  253,   38
      11900.000,      -9975.000,  252,   39
      11890.000,      -9965.000,  251,   40
      11880.000,      -9955.000,  250,   41
      11880.000,      -9945.000,  250,   42
      11870.000,      -9935.000,  249,   43
      11860.000,      -9925.000,  248,   44
      11850.000,      -9915.000,  247,   45
      11840.000,      -9905.000,  246,   46
      11830.000,      -9895.000,  245,   47
      11820.000,      -9885.000,  244,   48
      11820.000,      -9875.000,  244,   49
      11810.000,      -9865.000,  243,   50
      11800.000,      -9855.000,  242,   51
      11790.000,      -9845.000,  241,   52
      11780.000,      -9835.000,  240,   53
      11770.000,      -9825.000,  239,   54
      11760.000,      -9815.000,  238,   55
      11760.000,      -9805.000,  238,   56
      11750.000,      -9795.000,  237,   57
      11740.000,      -9785.000,  236,   58
      11730.000,      -9775.000,  235,   59
      11720.000,      -9765.000,  234,   60
      11710.000,      -9755.000,  233,   61
      11710.000,      -9745.000,  233,   62
      11700.000,      -9735.000,  232,   63
      11690.000,      -9725.000,  231,   64
      11680.000,      -9715.000,  230,   65
      11670.000,      -9705.000,  229,   66
      11660.000,      -9695.000,  228,   67
      11650.000,      -9685.000,  227,   68
      11650.000,      -9675.000,  227,   69
      11640.000,      -9665.000,  226,   70
      11630.000,      -9655.000,  225,   71
      11620.000,      -9645.000,  224,   72
      11610.000,      -9635.000,  223,   73
      11600.000,      -9625.000,  222,   74
      11590.000,      -9615.000,  221,   75
      11590.000,      -9605.000,  221,   76
      11580.000,      -9595.000,  220,   77
      11570.000,      -9585.000,  219,   78
      11560.000,      -9575.000,  218,   79
      11550.000,      -9565.000,  217,   80
      11540.000,      -9555.000,  216,   81
      11530.000,      -9545.000,  215,   82
      11530.000,      -9535.000,  215,   83
      11520.000,      -9525.000,  214,   84
      11510.000,      -9515.000,  213,   85
      11500.000,      -9505.000,  212,   86
      11490.000,      -9495.000,  211,   87
      11480.000,      -9485.000,  210,   88
      11470.000,      -9475.000,  209,   89
      11470.000,      -9465.000,  209,   90
      11460.000,      -9455.000,  208,   91
      11450.000,      -9445.000,  207,   92
      11440.000,      -9435.000,  206,   93
      11430.000,      -9425.000,  205,   94
      11420.000,      -9415.000,  204,   95
      11420.000,      -9405.000,  204,   96
      11410.000,      -9395.000,  203,   97
      11400.000,      -9385.000,  202,   98
      11390.000,      -9375.000,  201,   99
      11380.000,      -9365.000,  200,  100
      11370.000,      -9355.000,  199,  101
      11360.000,      -9345.000,  198,  102
      11360.000,      -9335.000,  198,  103
      11350.000,      -9325.000,  197,  104
      11340.000,      -9315.000,  196,  105
      11330.000,      -9305.000,  195,  106
      11330.000,      -9295.000,  195,  107
      11320.000,      -9285.000,  194,  108
      11320.000,      -9275.000,  194,  109
      11310.000,      -9265.000,  193,  110
      11300.000,      -9255.000,  192,  111
      11300.000,      -9245.000,  192,  112
      11290.000,      -9235.000,  191,  113
      11290.000,      -9225.000,  191,  114
      11280.000,      -9215.000,  190,  115
      11270.000,      -9205.000,  189,  116
      11270.000,      -9195.000,  189,  117
      11260.000,      -9185.000,  188,  118
      11260.000,      -9175.000,  188,  119
      11250.000,      -9165.000,  187,  120
      11240.000,      -9155.000,  186,  121
      11240.000,      -9145.000,  186,  122
      11230.000,      -9135.000,  185,  123
      11230.000,      -9125.000,  185,  124
      11220.000,      -9115.000,  184,  125
      11210.000,      -9105.000,  183,  126
      11210.000,      -9095.000,  183,  127
      11200.000,      -9085.000,  182,  128
      11200.000,      -9075.000,  182,  129
      11190.000,      -9065.000,  181,  130
      11190.000,      -9055.000,  181,  131
      11180.000,      -9045.000,  180,  132
      11170.000,      -9035.000,  179,  133
      11170.000,      -9025.000,  179,  134
      11160.000,      -9015.000,  178,  135
      11160.000,      -9005.000,  178,  136
      11150.000,      -8995.000,  177,  137
      11140.000,      -8985.000,  176,  138
      11140.000,      -8975.000,  176,  139
      11130.000,      -8965.000,  175,  140
      11130.000,      -8955.000,  175,  141
      11120.000,      -8945.000,  174,  142
      11110.000,      -8935.000,  173,  143
      11110.000,      -8925.000,  173,  144
      11100.000,      -8915.000,  172,  145
      11100.000,      -8905.000,  172,  146
      11090.000,      -8895.000,  171,  147
      11080.000,      -8885.000,  170,  148
      11080.000,      -8875.000,  170,  149
      11070.000,      -8865.000,  169,  150
      11070.000,      -8855.000,  169,  151
      11060.000,      -8845.000,  168,  152
      11050.000,      -8835.000,  167,  153
      11050.000,      -8825.000,  167,  154
      11040.000,      -8815.000,  166,  155
      11040.000,      -8805.000,  166,  156
      11030.000,      -8795.000,  165,  157
      11030.000,      -8785.000,  165,  158
      11020.000,      -8775.000,  164,  159
      11010.000,      -8765.000,  163,  160
      11010.000,      -8755.000,  163,  161
      11000.000,      -8745.000,  162,  162
      11000.000,      -8735.000,  162,  163
      10990.000,      -8725.000,  161,  164
      10980.000,      -8715.000,  160,  165
      10980.000,      -8705.000,  160,  166
      10970.000,      -8695.000,  159,  167
      10970.000,      -8685.000,  159,  168
      10960.000,      -8675.000,  158,  169
      10950.000,      -8665.000,  157,  170
      10950.000,      -8655.000,  157,  171
      10940.000,      -8645.000,  156,  172
      10940.000,      -8635.000,  156,  173
      10930.000,      -8625.000,  155,  174
      10920.000,      -8615.000,  154,  175
      10920.000,      -8605.000,  154,  176
      10910.000,      -8595.000,  153,  177
      10910.000,      -8585.000,  153,  178
      10900.000,      -8575.000,  152,  179
      10900.000,      -8565.000,  152,  180
      10890.000,      -8555.000,  151,  181
      10880.000,      -8545.000,  150,  182
      10880.000,      -8535.000,  150,  183
      10870.000,      -8525.000,  149,  184
      10870.000,      -8515.000,  149,  185
      10860.000,      -8505.000,  148,  186
      10850.000,      -8495.000,  147,  187
      10850.000,      -8485.000,  147,  188
      10840.000,      -8475.000,  146,  189
      10840.000,      -8465.000,  146,  190
      10830.000,      -8455.000,  145,  191
      10820.000,      -8445.000,  144,  192
      10820.000,      -8435.000,  144,  193
      10810.000,      -8425.000,  143,  194
      10810.000,      -8415.000,  143,  195
      10800.000,      -8405.000,  142,  196
      10790.000,      -8395.000,  141,  197
      10790.000,      -8385.000,  141,  198
      10780.000,      -8375.000,  140,  199
      10780.000,      -8365.000,  140,  200
      10770.000,      -8355.000,  139,  201
      10760.000,      -8345.000,  138,  202
      10760.000,      -8335.000,  138,  203
      10750.000,      -8325.000,  137,  204
      10750.000,      -8315.000,  137,  205
      10740.000,      -8305.000,  136,  206
      10740.000,      -8295.000,  136,  207
      10730.000,      -8285.000,  135,  208
      10720.000,      -8275.000,  134,  209
      10720.000,      -8265.000,  134,  210
      10710.000,      -8255.000,  133,  211
      10710.000,      -8245.000,  133,  212
      10700.000,      -8235.000,  132,  213
      10690.000,      -8225.000,  131,  214
      10690.000,      -8215.000,  131,  215
      10680.000,      -8205.000,  130,  216
      10680.000,      -8195.000,  130,  217
      10670.000,      -8185.000,  129,  218
      10660.000,      -8175.000,  128,  219
      10660.000,      -8165.000,  128,  220
      10650.000,      -8155.000,  127,  221
      10650.000,      -8145.000,  127,  222
      10640.000,      -8135.000,  126,  223
      10630.000,      -8125.000,  125,  224
      10630.000,      -8115.000,  125,  225
      10620.000,      -8105.000,  124,  226
      10620.000,      -8095.000,  124,  227
      10610.000,      -8085.000,  123,  228
      10610.000,      -8075.000,  123,  229
      10600.000,      -8065.000,  122,  230
      10600.000,      -8055.000,  122,  231
      10590.000,      -8045.000,  121,  232
      10590.000,      -8035.000,  121,  233
      10580.000,      -8025.000,  120,  234
      10580.000,      -8015.000,  120,  235
      10570.000,      -8005.000,  119,  236
      10570.000,      -7995.000,  119,  237
      10560.000,      -7985.000,  118,  238
      10560.000,      -7975.000,  118,  239
      10550.000,      -7965.000,  117,  240
      10540.000,      -7955.000,  116,  241
      10540.000,      -7945.000,  116,  242
      10530.000,      -7935.000,  115,  243
      10530.000,      -7925.000,  115,  244
      10520.000,      -7915.000,  114,  245
      10520.000,      -7905.000,  114,  246
      10510.000,      -7895.000,  113,  247
      10510.000,      -7885.000,  113,  248
      10500.000,      -7875.000,  112,  249
      10500.000,      -7865.000,  112,  250
      10490.000,      -7855.000,  111,  251
      10490.000,      -7845.000,  111,  252
      10480.000,      -7835.000,  110,  253
      10480.000,      -7825.000,  110,  254
      10470.000,      -7815.000,  109,  255
      10470.000,      -7805.000,  109,  256
      10460.000,      -7795.000,  108,  257
      10460.000,      -7785.000,  108,  258
      10450.000,      -7775.000,  107,  259
      10450.000,      -7765.000,  107,  260
      10440.000,      -7755.000,  106,  261
      10440.000,      -7745.000,  106,  262
      10430.000,      -7735.000,  105,  263
      10430.000,      -7725.000,  105,  264
      10420.000,      -7715.000,  104,  265
      10410.000,      -7705.000,  103,  266
      10410.000,      -7695.000,  103,  267
      10400.000,      -7685.000,  102,  268
      10400.000,      -7675.000,  102,  269
      10390.000,      -7665.000,  101,  270
      10390.000,      -7655.000,  101,  271
      10380.000,      -7645.000,  100,  272
      10380.000,      -7635.000,  100,  273
      10370.000,      -7625.000,   99,  274
      10370.000,      -7615.000,   99,  275
      10360.000,      -7605.000,   98,  276
      10360.000,      -7595.000,   98,  277
      10350.000,      -7585.000,   97,  278
      10350.000,      -7575.000,   97,  279
      10340.000,      -7565.000,   96,  280
      10340.000,      -7555.000,   96,  281
      10330.000,      -7545.000,   95,  282
      10330.000,      -7535.000,   95,  283
      10320.000,      -7525.000,   94,  284
      10320.000,      -7515.000,   94,  285
      10310.000,      -7505.000,   93,  286
      10310.000,      -7495.000,   93,  287
      10300.000,      -7485.000,   92,  288
      10300.000,      -7475.000,   92,  289
      10290.000,      -7465.000,   91,  290
      10280.000,      -7455.000,   90,  291
      10280.000,      -7445.000,   90,  292
      10270.000,      -7435.000,   89,  293
      10270.000,      -7425.000,   89,  294
      10260.000,      -7415.000,   88,  295
      10260.000,      -7405.000,   88,  296
      10250.000,      -7395.000,   87,  297
      10250.000,      -7385.000,   87,  298
      10240.000,      -7375.000,   86,  299
      10240.000,      -7365.000,   86,  300
      10230.000,      -7355.000,   85,  301
      10230.000,      -7345.000,   85,  302
      10220.000,      -7335.000,   84,  303
      10220.000,      -7325.000,   84,  304
      10210.000,      -7315.000,   83,  305
      10210.000,      -7305.000,   83,  306
      10200.000,      -7295.000,   82,  307
      10200.000,      -7285.000,   82,  308
      10190.000,      -7275.000,   81,  309
      10190.000,      -7265.000,   81,  310
      10180.000,      -7255.000,   80,  311
      10180.000,      -7245.000,   80,  312
      10170.000,      -7235.000,   79,  313
      10160.000,      -7225.000,   78,  314
      10160.000,      -7215.000,   78,  315
      10150.000,      -7205.000,   77,  316
      10150.000,      -7195.000,   77,  317
      10150.000,      -7185.000,   77,  318
      10140.000,      -7175.000,   76,  319
      10140.000,      -7165.000,   76,  320
      10130.000,      -7155.000,   75,  321
      10130.000,      -7145.000,   75,  322
      10130.000,      -7135.000,   75,  323
      10120.000,      -7125.000,   74,  324
      10120.000,      -7115.000,   74,  325
      10110.000,      -7105.000,   73,  326
      10110.000,      -7095.000,   73,  327
      10100.000,      -7085.000,   72,  328
      10100.000,      -7075.000,   72,  329
      10100.000,      -7065.000,   72,  330
      10090.000,      -7055.000,   71,  331
      10090.000,      -7045.000,   71,  332
      10080.000,      -7035.000,   70,  333
      10080.000,      -7025.000,   70,  334
      10080.000,      -7015.000,   70,  335
      10070.000,      -7005.000,   69,  336
      10070.000,      -6995.000,   69,  337
      10060.000,      -6985.000,   68,  338
      10060.000,      -6975.000,   68,  339
      10050.000,      -6965.000,   67,  340
      10050.000,      -6955.000,   67,  341
      10050.000,      -6945.000,   67,  342
      10040.000,      -6935.000,   66,  343
      10040.000,      -6925.000,   66,  344
      10030.000,      -6915.000,   65,  345
      10030.000,      -6905.000,   65,  346
      10030.000,      -6895.000,   65,  347
      10020.000,      -6885.000,   64,  348
      10020.000,      -6875.000,   64,  349
      10010.000,      -6865.000,   63,  350
      10010.000,      -6855.000,   63,  351
      10000.000,      -6845.000,   62,  352
      10000.000,      -6835.000,   62,  353
      10000.000,      -6825.000,   62,  354
       9990.000,      -6815.000,   61,  355
       9990.000,      -6805.000,   61,  356
       9980.000,      -6795.000,   60,  357
       9980.000,      -6785.000,   60,  358
       9970.000,      -6775.000,   59,  359
       9970.000,      -6765.000,   59,  360
       9970.000,      -6755.000,   59,  361
       9960.000,      -6745.000,   58,  362
       9960.000,      -6735.000,   58,  363
       9950.000,      -6725.000,   57,  364
       9950.000,      -6715.000,   57,  365
       9950.000,      -6705.000,   57,  366
       9940.000,      -6695.000,   56,  367
       9940.000,      -6685.000,   56,  368
       9930.000,      -6675.000,   55,  369
       9930.000,      -6665.000,   55,  370
       9920.000,      -6655.000,   54,  371
       9920.000,      -6645.000,   54,  372
       9920.000,      -6635.000,   54,  373
       9910.000,      -6625.000,   53,  374
       9910.000,      -6615.000,   53,  375
       9900.000,      -6605.000,   52,  376
       9900.000,      -6595.000,   52,  377
       9900.000,      -6585.000,   52,  378
       9890.000,      -6575.000,   51,  379
       9890.000,      -6565.000,   51,  380
       9880.000,      -6555.000,   50,  381
       9880.000,      -6545.000,   50,  382
       9870.000,      -6535.000,   49,  383
       9870.000,      -6525.000,   49,  384
       9870.000,      -6515.000,   49,  385
       9860.000,      -6505.000,   48,  386
       9860.000,      -6495.000,   48,  387
       9850.000,      -6485.000,   47,  388
       9850.000,      -6475.000,   47,  389
       9850.000,      -6465.000,   47,  390
       9840.000,      -6455.000,   46,  391
       9840.000,      -6445.000,   46,  392
       9830.000,      -6435.000,   45,  393
       9830.000,      -6425.000,   45,  394
       9820.000,      -6415.000,   44,  395
       9820.000,      -6405.000,   44,  396
       9820.000,      -6395.000,   44,  397
       9810.000,      -6385.000,   43,  398
       9810.000,      -6375.000,   43,  399
       9800.000,      -6365.000,   42,  400
       9800.000,      -6355.000,   42,  401
       9800.000,      -6345.000,   42,  402
       9790.000,      -6335.000,   41,  403
       9790.000,      -6325.000,   41,  404
       9780.000,      -6315.000,   40,  405
       9780.000,      -6305.000,   40,  406
       9770.000,      -6295.000,   39,  407
       9770.000,      -6285.000,   39,  408
       9770.000,      -6275.000,   39,  409
       9760.000,      -6265.000,   38,  410
       9760.000,      -6255.000,   38,  411
       9750.000,      -6245.000,   37,  412
       9750.000,      -6235.000,   37,  413
       9750.000,      -6225.000,   37,  414
       9740.000,      -6215.000,   36,  415
       9740.000,      -6205.000,   36,  416
       9740.000,      -6195.000,   36,  417
       9730.000,      -6185.000,   35,  418
       9730.000,      -6175.000,   35,  419
       9730.000,      -6165.000,   35,  420
       9720.000,      -6155.000,   34,  421
       9720.000,      -6145.000,   34,  422
       9720.000,      -6135.000,   34,  423
       9720.000,      -6125.000,   34,  424
       9710.000,      -6115.000,   33,  425
       9710.000,      -6105.000,   33,  426
       9710.000,      -6095.000,   33,  427
       9700.000,      -6085.000,   32,  428
       9700.000,      -6075.000,   32,  429
       9700.000,      -6065.000,   32,  430
       9690.000,      -6055.000,   31,  431
       9690.000,      -6045.000,   31,  432
       9690.000,      -6035.000,   31,  433
       9690.000,      -6025.000,   31,  434
       9680.000,      -6015.000,   30,  435
       9680.000,      -6005.000,   30,  436
       9680.000,      -5995.000,   30,  437
       9670.000,      -5985.000,   29,  438
       9670.000,      -5975.000,   29,  439
       9670.000,      -5965.000,   29,  440
       9660.000,      -5955.000,   28,  441
       9660.000,      -5945.000,   28,  442
       9660.000,      -5935.000,   28,  443
       9660.000,      -5925.000,   28,  444
       9650.000,      -5915.000,   27,  445
       9650.000,      -5905.000,   27,  446
       9650.000,      -5895.000,   27,  447
       9640.000,      -5885.000,   26,  448
       9640.000,      -5875.000,   26,  449
       9640.000,      -5865.000,   26,  450
       9630.000,      -5855.000,   25,  451
       9630.000,      -5845.000,   25,  452
       9630.000,      -5835.000,   25,  453
       9620.000,      -5825.000,   24,  454
       9620.000,      -5815.000,   24,  455
       9620.000,      -5805.000,   24,  456
       9620.000,      -5795.000,   24,  457
       9610.000,      -5785.000,   23,  458
       9610.000,      -5775.000,   23,  459
       9610.000,      -5765.000,   23,  460
       9600.000,      -5755.000,   22,  461
       9600.000,      -5745.000,   22,  462
       9600.000,      -5735.000,   22,  463
       9590.000,      -5725.000,   21,  464
       9590.000,      -5715.000,   21,  465
       9590.000,      -5705.000,   21,  466
       9590.000,      -5695.000,   21,  467
       9580.000,      -5685.000,   20,  468
       9580.000,      -5675.000,   20,  469
       9580.000,      -5665.000,   20,  470
       9570.000,      -5655.000,   19,  471
       9570.000,      -5645.000,   19,  472
       9570.000,      -5635.000,   19,  473
       9560.000,      -5625.000,   18,  474
       9560.000,      -5615.000,   18,  475
       9560.000,      -5605.000,   18,  476
       9560.000,      -5595.000,   18,  477
       9550.000,      -5585.000,   17,  478
       9550.000,      -5575.000,   17,  479
       9550.000,      -5565.000,   17,  480
       9540.000,      -5555.000,   16,  481
       9540.000,      -5545.000,   16,  482
       9540.000,      -5535.000,   16,  483
       9530.000,      -5525.000,   15,  484
       9530.000,      -5515.000,   15,  485
       9530.000,      -5505.000,   15,  486
       9520.000,      -5495.000,   14,  487
       9520.000,      -5485.000,   14,  488
       9520.000,      -5475.000,   14,  489
       9520.000,      -5465.000,   14,  490
       9510.000,      -5455.000,   13,  491
       9510.000,      -5445.000,   13,  492
       9510.000,      -5435.000,   13,  493
       9500.000,      -5425.000,   12,  494
       9500.000,      -5415.000,   12,  495
       9500.000,      -5405.000,   12,  496
       9490.000,      -5395.000,   11,  497
       9490.000,      -5385.000,   11,  498
       9490.000,      -5375.000,   11,  499
       9490.000,      -5365.000,   11,  500
       9480.000,      -5355.000,   10,  501
       9480.000,      -5345.000,   10,  502
       9480.000,      -5335.000,   10,  503
       9470.000,      -5325.000,    9,  504
       9470.000,      -5315.000,    9,  505
       9470.000,      -5305.000,    9,  506
       9460.000,      -5295.000,    8,  507
       9460.000,      -5285.000,    8,  508
       9460.000,      -5275.000,    8,  509
       9460.000,      -5265.000,    8,  510
       9460.000,      -5255.000,    8,  511
       9460.000,      -5245.000,    8,  512
       9460.000,      -5235.000,    8,  513
       9460.000,      -5225.000,    8,  514
       9460.000,      -5215.000,    8,  515
       9460.000,      -5205.000,    8,  516
       9460.000,      -5195.000,    8,  517
       9460.000,      -5185.000,    8,  518
       9460.000,      -5175.000,    8,  519
       9450.000,      -5165.000,    7,  520
       9450.000,      -5155.000,    7,  521
       9450.000,      -5145.000,    7,  522
       9450.000,      -5135.000,    7,  523
       9450.000,      -5125.000,    7,  524
       9450.000,      -5115.000,    7,  525
       9450.000,      -5105.000,    7,  526
       9450.000,      -5095.000,    7,  527
       9450.000,      -5085.000,    7,  528
       9450.000,      -5075.000,    7,  529
       9450.000,      -5065.000,    7,  530
       9450.000,      -5055.000,    7,  531
       9450.000,      -5045.000,    7,  532
       9450.000,      -5035.000,    7,  533
       9450.000,      -5025.000,    7,  534
       9440.000,      -5015.000,    6,  535
       9440.000,      -5005.000,    6,  536
       9440.000,      -4995.000,    6,  537
       9440.000,      -4985.000,    6,  538
       9440.000,      -4975.000,    6,  539
       9440.000,      -4965.000,    6,  540
       9440.000,      -4955.000,    6,  541
       9440.000,      -4945.000,    6,  542
       9440.000,      -4935.000,    6,  543
       9440.000,      -4925.000,    6,  544
       9440.000,      -4915.000,    6,  545
       9440.000,      -4905.000,    6,  546
       9440.000,      -4895.000,    6,  547
       9440.000,      -4885.000,    6,  548
       9440.000,      -4875.000,    6,  549
       9430.000,      -4865.000,    5,  550
       9430.000,      -4855.000,    5,  551
       9430.000,      -4845.000,    5,  552
       9430.000,      -4835.000,    5,  553
       9430.000,      -4825.000,    5,  554
       9430.000,      -4815.000,    5,  555
       9430.000,      -4805.000,    5,  556
       9430.000,      -4795.000,    5,  557
       9430.000,      -4785.000,    5,  558
       9430.000,      -4775.000,    5,  559
       9430.000,      -4765.000,    5,  560
       9430.000,      -4755.000,    5,  561
       9430.000,      -4745.000,    5,  562
       9430.000,      -4735.000,    5,  563
       9430.000,      -4725.000,    5,  564
       9420.000,      -4715.000,    4,  565
       9420.000,      -4705.000,    4,  566
       9420.000,      -4695.000,    4,  567
       9420.000,      -4685.000,    4,  568
       9420.000,      -4675.000,    4,  569
       9420.000,      -4665.000,    4,  570
       9420.000,      -4655.000,    4,  571
       9420.000,      -4645.000,    4,  572
       9420.000,      -4635.000,    4,  573
       9420.000,      -4625.000,    4,  574
       9420.000,      -4615.000,    4,  575
       9420.000,      -4605.000,    4,  576
       9420.000,      -4595.000,    4,  577
       9420.000,      -4585.000,    4,  578
       9420.000,      -4575.000,    4,  579
       9410.000,      -4565.000,    3,  580
       9410.000,      -4555.000,    3,  581
       9410.000,      -4545.000,    3,  582
       9410.000,      -4535.000,    3,  583
       9410.000,      -4525.000,    3,  584
       9410.000,      -4515.000,    3,  585
       9410.000,      -4505.000,    3,  586
       9410.000,      -4495.000,    3,  587
       9410.000,      -4485.000,    3,  588
       9410.000,      -4475.000,    3,  589
       9410.000,      -4465.000,    3,  590
       9410.000,      -4455.000,    3,  591
       9410.000,      -4445.000,    3,  592
       9410.000,      -4435.000,    3,  593
       9400.000,      -4425.000,    2,  594
       9400.000,      -4415.000,    2,  595
       9400.000,      -4405.000,    2,  596
       9400.000,      -4395.000,    2,  597
       9400.000,      -4385.000,    2,  598
       9400.000,      -4375.000,    2,  599
       9400.000,      -4365.000,    2,  600
       9410.000,      -4355.000,    3,  601
       9410.000,      -4345.000,    3,  602
       9410.000,      -4335.000,    3,  603
       9410.000,      -4325.000,    3,  604
       9410.000,      -4315.000,    3,  605
       9410.000,      -4305.000,    3,  606
       9410.000,      -4295.000,    3,  607
       9420.000,      -4285.000,    4,  608
       9420.000,      -4275.000,    4,  609
       9420.000,      -4265.000,    4,  610
       9420.000,      -4255.000,    4,  611
       9420.000,      -4245.000,    4,  612
       9420.000,      -4235.000,    4,  613
       9420.000,      -4225.000,    4,  614
       9430.000,      -4215.000,    5,  615
       9430.000,      -4205.000,    5,  616
       9430.000,      -4195.000,    5,  617
       9430.000,      -4185.000,    5,  618
       9430.000,      -4175.000,    5,  619
       9430.000,      -4165.000,    5,  620
       9440.000,      -4155.000,    6,  621
       9440.000,      -4145.000,    6,  622
       9440.000,      -4135.000,    6,  623
       9440.000,      -4125.000,    6,  624
       9440.000,      -4115.000,    6,  625
       9440.000,      -4105.000,    6,  626
       9440.000,      -4095.000,    6,  627
       9450.000,      -4085.000,    7,  628
       9450.000,      -4075.000,    7,  629
       9450.000,      -4065.000,    7,  630
       9450.000,      -4055.000,    7,  631
       9450.000,      -4045.000,    7,  632
       9450.000,      -4035.000,    7,  633
       9450.000,      -4025.000,    7,  634
       9460.000,      -4015.000,    8,  635
       9460.000,      -4005.000,    8,  636
       9460.000,      -3995.000,    8,  637
       9460.000,      -3985.000,    8,  638
       9460.000,      -3975.000,    8,  639
       9460.000,      -3965.000,    8,  640
       9460.000,      -3955.000,    8,  641
       9470.000,      -3945.000,    9,  642
       9470.000,      -3935.000,    9,  643
       9470.000,      -3925.000,    9,  644
       9470.000,      -3915.000,    9,  645
       9470.000,      -3905.000,    9,  646
       9470.000,      -3895.000,    9,  647
       9480.000,      -3885.000,   10,  648
       9480.000,      -3875.000,   10,  649
       9480.000,      -3865.000,   10,  650
       9480.000,      -3855.000,   10,  651
       9480.000,      -3845.000,   10,  652
       9480.000,      -3835.000,   10,  653
       9480.000,      -3825.000,   10,  654
       9490.000,      -3815.000,   11,  655
       9490.000,      -3805.000,   11,  656
       9490.000,      -3795.000,   11,  657
       9490.000,      -3785.000,   11,  658
       9490.000,      -3775.000,   11,  659
       9490.000,      -3765.000,   11,  660
       9490.000,      -3755.000,   11,  661
       9500.000,      -3745.000,   12,  662
       9500.000,      -3735.000,   12,  663
       9500.000,      -3725.000,   12,  664
       9500.000,      -3715.000,   12,  665
       9500.000,      -3705.000,   12,  666
       9500.000,      -3695.000,   12,  667
       9510.000,      -3685.000,   13,  668
       9510.000,      -3675.000,   13,  669
       9510.000,      -3665.000,   13,  670
       9510.000,      -3655.000,   13,  671
       9510.000,      -3645.000,   13,  672
       9510.000,      -3635.000,   13,  673
       9510.000,      -3625.000,   13,  674
       9520.000,      -3615.000,   14,  675
       9520.000,      -3605.000,   14,  676
       9520.000,      -3595.000,   14,  677
       9520.000,      -3585.000,   14,  678
       9520.000,      -3575.000,   14,  679
       9520.000,      -3565.000,   14,  680
       9520.000,      -3555.000,   14,  681
       9530.000,      -3545.000,   15,  682
       9530.000,      -3535.000,   15,  683
       9530.000,      -3525.000,   15,  684
       9530.000,      -3515.000,   15,  685
       9530.000,      -3505.000,   15,  686
       9530.000,      -3495.000,   15,  687
       9530.000,      -3485.000,   15,  688
       9540.000,      -3475.000,   16,  689
       9540.000,      -3465.000,   16,  690
       9540.000,      -3455.000,   16,  691
       9550.000,      -3445.000,   17,  692
       9560.000,      -3435.000,   18,  693
       9560.000,      -3425.000,   18,  694
       9570.000,      -3415.000,   19,  695
       9580.000,      -3405.000,   20,  696
       9580.000,      -3395.000,   20,  697
       9590.000,      -3385.000,   21,  698
       9590.000,      -3375.000,   21,  699
       9600.000,      -3365.000,   22,  700
       9610.000,      -3355.000,   23,  701
       9610.000,      -3345.000,   23,  702
       9620.000,      -3335.000,   24,  703
       9630.000,      -3325.000,   25,  704
       9630.000,      -3315.000,   25,  705
       9640.000,      -3305.000,   26,  706
       9640.000,      -3295.000,   26,  707
       9650.000,      -3285.000,   27,  708
       9660.000,      -3275.000,   28,  709
       9660.000,      -3265.000,   28,  710
       9670.000,      -3255.000,   29,  711
       9680.000,      -3245.000,   30,  712
       9680.000,      -3235.000,   30,  713
       9690.000,      -3225.000,   31,  714
       9690.000,      -3215.000,   31,  715
       9700.000,      -3205.000,   32,  716
       9710.000,      -3195.000,   33,  717
       9710.000,      -3185.000,   33,  718
       9720.000,      -3175.000,   34,  719
       9730.000,      -3165.000,   35,  720
       9730.000,      -3155.000,   35,  721
       9740.000,      -3145.000,   36,  722
       9750.000,      -3135.000,   37,  723
       9750.000,      -3125.000,   37,  724
       9760.000,      -3115.000,   38,  725
       9760.000,      -3105.000,   38,  726
       9770.000,      -3095.000,   39,  727
       9780.000,      -3085.000,   40,  728
       9780.000,      -3075.000,   40,  729
       9790.000,      -3065.000,   41,  730
       9800.000,      -3055.000,   42,  731
       9800.000,      -3045.000,   42,  732
       9810.000,      -3035.000,   43,  733
       9810.000,      -3025.000,   43,  734
       9820.000,      -3015.000,   44,  735
       9830.000,      -3005.000,   45,  736
       9830.000,      -2995.000,   45,  737
       9840.000,      -2985.000,   46,  738
       9850.000,      -2975.000,   47,  739
       9850.000,      -2965.000,   47,  740
       9860.000,      -2955.000,   48,  741
       9860.000,      -2945.000,   48,  742
       9870.000,      -2935.000,   49,  743
       9880.000,      -2925.000,   50,  744
       9890.000,      -2915.000,   51,  745
       9910.000,      -2905.000,   53,  746
       9920.000,      -2895.000,   54,  747
       9930.000,      -2885.000,   55,  748
       9940.000,      -2875.000,   56,  749
       9950.000,      -2865.000,   57,  750
       9970.000,      -2855.000,   59,  751
       9980.000,      -2845.000,   60,  752
       9990.000,      -2835.000,   61,  753
      10000.000,      -2825.000,   62,  754
      10010.000,      -2815.000,   63,  755
      10030.000,      -2805.000,   65,  756
      10040.000,      -2795.000,   66,  757
      10050.000,      -2785.000,   67,  758
      10060.000,      -2775.000,   68,  759
      10070.000,      -2765.000,   69,  760
      10090.000,      -2755.000,   71,  761
      10100.000,      -2745.000,   72,  762
      10110.000,      -2735.000,   73,  763
      10120.000,      -2725.000,   74,  764
      10130.000,      -2715.000,   75,  765
      10150.000,      -2705.000,   77,  766
      10160.000,      -2695.000,   78,  767
      10170.000,      -2685.000,   79,  768
      10180.000,      -2675.000,   80,  769
      10190.000,      -2665.000,   81,  770
      10210.000,      -2655.000,   83,  771
      10220.000,      -2645.000,   84,  772
      10230.000,      -2635.000,   85,  773
      10240.000,      -2625.000,   86,  774
      10250.000,      -2615.000,   87,  775
      10270.000,      -2605.000,   89,  776
      10280.000,      -2595.000,   90,  777
      10290.000,      -2585.000,   91,  778
      10300.000,      -2575.000,   92,  779
      10310.000,      -2565.000,   93,  780
      10330.000,      -2555.000,   95,  781
      10340.000,      -2545.000,   96,  782
      10350.000,      -2535.000,   97,  783
      10360.000,      -2525.000,   98,  784
      10370.000,      -2515.000,   99,  785
      10390.000,      -2505.000,  101,  786
      10400.000,      -2495.000,  102,  787
      10410.000,      -2485.000,  103,  788
      10420.000,      -2475.000,  104,  789
      10430.000,      -2465.000,  105,  790
      10450.000,      -2455.000,  107,  791
      10460.000,      -2445.000,  108,  792
      10470.000,      -2435.000,  109,  793
      10480.000,      -2425.000,  110,  794
      10490.000,      -2415.000,  111,  795
      10510.000,      -2405.000,  113,  796
      10520.000,      -2395.000,  114,  797
      10530.000,      -2385.000,  115,  798
      10540.000,      -2375.000,  116,  799
      10550.000,      -2365.000,  117,  800
      10570.000,      -2355.000,  119,  801
      10580.000,      -2345.000,  120,  802
      10590.000,      -2335.000,  121,  803
      10600.000,      -2325.000,  122,  804
      10620.000,      -2315.000,  124,  805
      10640.000,      -2305.000,  126,  806
      10660.000,      -2295.000,  128,  807
      10680.000,      -2285.000,  130,  808
      10700.000,      -2275.000,  132,  809
      10720.000,      -2265.000,  134,  810
      10740.000,      -2255.000,  136,  811
      10770.000,      -2245.000,  139,  812
      10790.000,      -2235.000,  141,  813
      10810.000,      -2225.000,  143,  814
      10830.000,      -2215.000,  145,  815
      10850.000,      -2205.000,  147,  816
      10870.000,      -2195.000,  149,  817
      10890.000,      -2185.000,  151,  818
      10910.000,      -2175.000,  153,  819
      10940.000,      -2165.000,  156,  820
      10960.000,      -2155.000,  158,  821
      10980.000,      -2145.000,  160,  822
      11000.000,      -2135.000,  162,  823
      11020.000,      -2125.000,  164,  824
      11040.000,      -2115.000,  166,  825
      11060.000,      -2105.000,  168,  826
      11080.000,      -2095.000,  170,  827
      11110.000,      -2085.000,  173,  828
      11130.000,      -2075.000,  175,  829
      11150.000,      -2065.000,  177,  830
      11170.000,      -2055.000,  179,  831
      11190.000,      -2045.000,  181,  832
      11210.000,      -2035.000,  183,  833
      11230.000,      -2025.000,  185,  834
      11320.000,      -2015.000,  194,  835
      11440.000,      -2005.000,  206,  836
      11570.000,      -1995.000,  219,  837
      11700.000,      -1985.000,  232,  838
