         836
x,y,i,j
      12520.000,     -10335.000,  314,    3
      12530.000,     -10325.000,  315,    4
      12540.000,     -10315.000,  316,    5
      12540.000,     -10305.000,  316,    6
      12550.000,     -10295.000,  317,    7
      12560.000,     -10285.000,  318,    8
      12570.000,     -10275.000,  319,    9
      12580.000,     -10265.000,  320,   10
      12590.000,     -10255.000,  321,   11
      12600.000,     -10245.000,  322,   12
      12610.000,     -10235.000,  323,   13
      12620.000,     -10225.000,  324,   14
      12630.000,     -10215.000,  325,   15
      12630.000,     -10205.000,  325,   16
      12640.000,     -10195.000,  326,   17
      12650.000,     -10185.000,  327,   18
      12660.000,     -10175.000,  328,   19
      12670.000,     -10165.000,  329,   20
      12680.000,     -10155.000,  330,   21
      12690.000,     -10145.000,  331,   22
      12700.000,     -10135.000,  332,   23
      12710.000,     -10125.000,  333,   24
      12710.000,     -10115.000,  333,   25
      12720.000,     -10105.000,  334,   26
      12730.000,     -10095.000,  335,   27
      12740.000,     -10085.000,  336,   28
      12750.000,     -10075.000,  337,   29
      12760.000,     -10065.000,  338,   30
      12770.000,     -10055.000,  339,   31
      12780.000,     -10045.000,  340,   32
      12790.000,     -10035.000,  341,   33
      12790.000,     -10025.000,  341,   34
      12800.000,     -10015.000,  342,   35
      12810.000,     -10005.000,  343,   36
      12820.000,      -9995.000,  344,   37
      12820.000,      -9985.000,  344,   38
      12820.000,      -9975.000,  344,   39
      12820.000,      -9965.000,  344,   40
      12810.000,      -9955.000,  343,   41
      12810.000,      -9945.000,  343,   42
      12810.000,      -9935.000,  343,   43
      12810.000,      -9925.000,  343,   44
      12810.000,      -9915.000,  343,   45
      12810.000,      -9905.000,  343,   46
      12800.000,      -9895.000,  342,   47
      12800.000,      -9885.000,  342,   48
      12800.000,      -9875.000,  342,   49
      12800.000,      -9865.000,  342,   50
      12800.000,      -9855.000,  342,   51
      12790.000,      -9845.000,  341,   52
      12790.000,      -9835.000,  341,   53
      12790.000,      -9825.000,  341,   54
      12790.000,      -9815.000,  341,   55
      12790.000,      -9805.000,  341,   56
      12790.000,      -9795.000,  341,   57
      12780.000,      -9785.000,  340,   58
      12780.000,      -9775.000,  340,   59
      12780.000,      -9765.000,  340,   60
      12780.000,      -9755.000,  340,   61
      12780.000,      -9745.000,  340,   62
      12770.000,      -9735.000,  339,   63
      12770.000,      -9725.000,  339,   64
      12770.000,      -9715.000,  339,   65
      12770.000,      -9705.000,  339,   66
      12770.000,      -9695.000,  339,   67
      12770.000,      -9685.000,  339,   68
      12760.000,      -9675.000,  338,   69
      12760.000,      -9665.000,  338,   70
      12760.000,      -9655.000,  338,   71
      12760.000,      -9645.000,  338,   72
      12760.000,      -9635.000,  338,   73
      12750.000,      -9625.000,  337,   74
      12750.000,      -9615.000,  337,   75
      12750.000,      -9605.000,  337,   76
      12750.000,      -9595.000,  337,   77
      12750.000,      -9585.000,  337,   78
      12750.000,      -9575.000,  337,   79
      12740.000,      -9565.000,  336,   80
      12740.000,      -9555.000,  336,   81
      12740.000,      -9545.000,  336,   82
      12740.000,      -9535.000,  336,   83
      12740.000,      -9525.000,  336,   84
      12740.000,      -9515.000,  336,   85
      12730.000,      -9505.000,  335,   86
      12730.000,      -9495.000,  335,   87
      12730.000,      -9485.000,  335,   88
      12730.000,      -9475.000,  335,   89
      12730.000,      -9465.000,  335,   90
      12730.000,      -9455.000,  335,   91
      12730.000,      -9445.000,  335,   92
      12730.000,      -9435.000,  335,   93
      12730.000,      -9425.000,  335,   94
      12730.000,      -9415.000,  335,   95
      12730.000,      -9405.000,  335,   96
      12730.000,      -9395.000,  335,   97
      12730.000,      -9385.000,  335,   98
      12730.000,      -9375.000,  335,   99
      12720.000,      -9365.000,  334,  100
      12720.000,      -9355.000,  334,  101
      12720.000,      -9345.000,  334,  102
      12720.000,      -9335.000,  334,  103
      12720.000,      -9325.000,  334,  104
      12720.000,      -9315.000,  334,  105
      12720.000,      -9305.000,  334,  106
      12720.000,      -9295.000,  334,  107
      12720.000,      -9285.000,  334,  108
      12720.000,      -9275.000,  334,  109
      12720.000,      -9265.000,  334,  110
      12720.000,      -9255.000,  334,  111
      12720.000,      -9245.000,  334,  112
      12720.000,      -9235.000,  334,  113
      12710.000,      -9225.000,  333,  114
      12710.000,      -9215.000,  333,  115
      12710.000,      -9205.000,  333,  116
      12710.000,      -9195.000,  333,  117
      12710.000,      -9185.000,  333,  118
      12710.000,      -9175.000,  333,  119
      12710.000,      -9165.000,  333,  120
      12710.000,      -9155.000,  333,  121
      12710.000,      -9145.000,  333,  122
      12710.000,      -9135.000,  333,  123
      12710.000,      -9125.000,  333,  124
      12710.000,      -9115.000,  333,  125
      12710.000,      -9105.000,  333,  126
      12710.000,      -9095.000,  333,  127
      12700.000,      -9085.000,  332,  128
      12700.000,      -9075.000,  332,  129
      12700.000,      -9065.000,  332,  130
      12700.000,      -9055.000,  332,  131
      12700.000,      -9045.000,  332,  132
      12700.000,      -9035.000,  332,  133
      12700.000,      -9025.000,  332,  134
      12700.000,      -9015.000,  332,  135
      12700.000,      -9005.000,  332,  136
      12700.000,      -8995.000,  332,  137
      12700.000,      -8985.000,  332,  138
      12700.000,      -8975.000,  332,  139
      12700.000,      -8965.000,  332,  140
      12700.000,      -8955.000,  332,  141
      12690.000,      -8945.000,  331,  142
      12690.000,      -8935.000,  331,  143
      12690.000,      -8925.000,  331,  144
      12690.000,      -8915.000,  331,  145
      12690.000,      -8905.000,  331,  146
      12690.000,      -8895.000,  331,  147
      12690.000,      -8885.000,  331,  148
      12690.000,      -8875.000,  331,  149
      12690.000,      -8865.000,  331,  150
      12690.000,      -8855.000,  331,  151
      12690.000,      -8845.000,  331,  152
      12690.000,      -8835.000,  331,  153
      12690.000,      -8825.000,  331,  154
      12690.000,      -8815.000,  331,  155
      12690.000,      -8805.000,  331,  156
      12690.000,      -8795.000,  331,  157
      12690.000,      -8785.000,  331,  158
      12690.000,      -8775.000,  331,  159
      12690.000,      -8765.000,  331,  160
      12690.000,      -8755.000,  331,  161
      12690.000,      -8745.000,  331,  162
      12700.000,      -8735.000,  332,  163
      12700.000,      -8725.000,  332,  164
      12700.000,      -8715.000,  332,  165
      12700.000,      -8705.000,  332,  166
      12700.000,      -8695.000,  332,  167
      12700.000,      -8685.000,  332,  168
      12700.000,      -8675.000,  332,  169
      12710.000,      -8665.000,  333,  170
      12710.000,      -8655.000,  333,  171
      12710.000,      -8645.000,  333,  172
      12710.000,      -8635.000,  333,  173
      12710.000,      -8625.000,  333,  174
      12710.000,      -8615.000,  333,  175
      12710.000,      -8605.000,  333,  176
      12710.000,      -8595.000,  333,  177
      12720.000,      -8585.000,  334,  178
      12720.000,      -8575.000,  334,  179
      12720.000,      -8565.000,  334,  180
      12720.000,      -8555.000,  334,  181
      12720.000,      -8545.000,  334,  182
      12720.000,      -8535.000,  334,  183
      12720.000,      -8525.000,  334,  184
      12730.000,      -8515.000,  335,  185
      12730.000,      -8505.000,  335,  186
      12730.000,      -8495.000,  335,  187
      12730.000,      -8485.000,  335,  188
      12730.000,      -8475.000,  335,  189
      12730.000,      -8465.000,  335,  190
      12730.000,      -8455.000,  335,  191
      12730.000,      -8445.000,  335,  192
      12740.000,      -8435.000,  336,  193
      12740.000,      -8425.000,  336,  194
      12740.000,      -8415.000,  336,  195
      12740.000,      -8405.000,  336,  196
      12740.000,      -8395.000,  336,  197
      12740.000,      -8385.000,  336,  198
      12740.000,      -8375.000,  336,  199
      12750.000,      -8365.000,  337,  200
      12750.000,      -8355.000,  337,  201
      12750.000,      -8345.000,  337,  202
      12750.000,      -8335.000,  337,  203
      12750.000,      -8325.000,  337,  204
      12750.000,      -8315.000,  337,  205
      12750.000,      -8305.000,  337,  206
      12750.000,      -8295.000,  337,  207
      12760.000,      -8285.000,  338,  208
      12760.000,      -8275.000,  338,  209
      12760.000,      -8265.000,  338,  210
      12760.000,      -8255.000,  338,  211
      12760.000,      -8245.000,  338,  212
      12760.000,      -8235.000,  338,  213
      12760.000,      -8225.000,  338,  214
      12770.000,      -8215.000,  339,  215
      12770.000,      -8205.000,  339,  216
      12770.000,      -8195.000,  339,  217
      12770.000,      -8185.000,  339,  218
      12770.000,      -8175.000,  339,  219
      12770.000,      -8165.000,  339,  220
      12770.000,      -8155.000,  339,  221
      12780.000,      -8145.000,  340,  222
      12780.000,      -8135.000,  340,  223
      12780.000,      -8125.000,  340,  224
      12780.000,      -8115.000,  340,  225
      12780.000,      -8105.000,  340,  226
      12790.000,      -8095.000,  341,  227
      12790.000,      -8085.000,  341,  228
      12790.000,      -8075.000,  341,  229
      12790.000,      -8065.000,  341,  230
      12790.000,      -8055.000,  341,  231
      12790.000,      -8045.000,  341,  232
      12800.000,      -8035.000,  342,  233
      12800.000,      -8025.000,  342,  234
      12800.000,      -8015.000,  342,  235
      12800.000,      -8005.000,  342,  236
      12800.000,      -7995.000,  342,  237
      12810.000,      -7985.000,  343,  238
      12810.000,      -7975.000,  343,  239
      12810.000,      -7965.000,  343,  240
      12810.000,      -7955.000,  343,  241
      12810.000,      -7945.000,  343,  242
      12820.000,      -7935.000,  344,  243
      12820.000,      -7925.000,  344,  244
      12820.000,      -7915.000,  344,  245
      12820.000,      -7905.000,  344,  246
      12820.000,      -7895.000,  344,  247
      12820.000,      -7885.000,  344,  248
      12830.000,      -7875.000,  345,  249
      12830.000,      -7865.000,  345,  250
      12830.000,      -7855.000,  345,  251
      12830.000,      -7845.000,  345,  252
      12830.000,      -7835.000,  345,  253
      12840.000,      -7825.000,  346,  254
      12840.000,      -7815.000,  346,  255
      12840.000,      -7805.000,  346,  256
      12840.000,      -7795.000,  346,  257
      12840.000,      -7785.000,  346,  258
      12850.000,      -7775.000,  347,  259
      12850.000,      -7765.000,  347,  260
      12850.000,      -7755.000,  347,  261
      12850.000,      -7745.000,  347,  262
      12850.000,      -7735.000,  347,  263
      12850.000,      -7725.000,  347,  264
      12860.000,      -7715.000,  348,  265
      12860.000,      -7705.000,  348,  266
      12860.000,      -7695.000,  348,  267
      12860.000,      -7685.000,  348,  268
      12860.000,      -7675.000,  348,  269
      12870.000,      -7665.000,  349,  270
      12870.000,      -7655.000,  349,  271
      12870.000,      -7645.000,  349,  272
      12870.000,      -7635.000,  349,  273
      12870.000,      -7625.000,  349,  274
      12880.000,      -7615.000,  350,  275
      12880.000,      -7605.000,  350,  276
      12880.000,      -7595.000,  350,  277
      12880.000,      -7585.000,  350,  278
      12880.000,      -7575.000,  350,  279
      12880.000,      -7565.000,  350,  280
      12890.000,      -7555.000,  351,  281
      12890.000,      -7545.000,  351,  282
      12890.000,      -7535.000,  351,  283
      12890.000,      -7525.000,  351,  284
      12890.000,      -7515.000,  351,  285
      12900.000,      -7505.000,  352,  286
      12900.000,      -7495.000,  352,  287
      12900.000,      -7485.000,  352,  288
      12900.000,      -7475.000,  352,  289
      12900.000,      -7465.000,  352,  290
      12910.000,      -7455.000,  353,  291
      12910.000,      -7445.000,  353,  292
      12910.000,      -7435.000,  353,  293
      12910.000,      -7425.000,  353,  294
      12910.000,      -7415.000,  353,  295
      12910.000,      -7405.000,  353,  296
      12920.000,      -7395.000,  354,  297
      12920.000,      -7385.000,  354,  298
      12920.000,      -7375.000,  354,  299
      12920.000,      -7365.000,  354,  300
      12920.000,      -7355.000,  354,  301
      12930.000,      -7345.000,  355,  302
      12930.000,      -7335.000,  355,  303
      12930.000,      -7325.000,  355,  304
      12930.000,      -7315.000,  355,  305
      12930.000,      -7305.000,  355,  306
      12940.000,      -7295.000,  356,  307
      12940.000,      -7285.000,  356,  308
      12940.000,      -7275.000,  356,  309
      12940.000,      -7265.000,  356,  310
      12940.000,      -7255.000,  356,  311
      12940.000,      -7245.000,  356,  312
      12950.000,      -7235.000,  357,  313
      12950.000,      -7225.000,  357,  314
      12950.000,      -7215.000,  357,  315
      12950.000,      -7205.000,  357,  316
      12950.000,      -7195.000,  357,  317
      12960.000,      -7185.000,  358,  318
      12960.000,      -7175.000,  358,  319
      12960.000,      -7165.000,  358,  320
      12960.000,      -7155.000,  358,  321
      12960.000,      -7145.000,  358,  322
      12960.000,      -7135.000,  358,  323
      12970.000,      -7125.000,  359,  324
      12970.000,      -7115.000,  359,  325
      12970.000,      -7105.000,  359,  326
      12970.000,      -7095.000,  359,  327
      12970.000,      -7085.000,  359,  328
      12980.000,      -7075.000,  360,  329
      12980.000,      -7065.000,  360,  330
      12980.000,      -7055.000,  360,  331
      12980.000,      -7045.000,  360,  332
      12980.000,      -7035.000,  360,  333
      12990.000,      -7025.000,  361,  334
      12990.000,      -7015.000,  361,  335
      12990.000,      -7005.000,  361,  336
      12990.000,      -6995.000,  361,  337
      12990.000,      -6985.000,  361,  338
      13000.000,      -6975.000,  362,  339
      13000.000,      -6965.000,  362,  340
      13000.000,      -6955.000,  362,  341
      13000.000,      -6945.000,  362,  342
      13000.000,      -6935.000,  362,  343
      13000.000,      -6925.000,  362,  344
      13010.000,      -6915.000,  363,  345
      13010.000,      -6905.000,  363,  346
      13010.000,      -6895.000,  363,  347
      13010.000,      -6885.000,  363,  348
      13010.000,      -6875.000,  363,  349
      13020.000,      -6865.000,  364,  350
      13020.000,      -6855.000,  364,  351
      13020.000,      -6845.000,  364,  352
      13020.000,      -6835.000,  364,  353
      13020.000,      -6825.000,  364,  354
      13030.000,      -6815.000,  365,  355
      13030.000,      -6805.000,  365,  356
      13030.000,      -6795.000,  365,  357
      13030.000,      -6785.000,  365,  358
      13030.000,      -6775.000,  365,  359
      13030.000,      -6765.000,  365,  360
      13040.000,      -6755.000,  366,  361
      13040.000,      -6745.000,  366,  362
      13040.000,      -6735.000,  366,  363
      13040.000,      -6725.000,  366,  364
      13040.000,      -6715.000,  366,  365
      13050.000,      -6705.000,  367,  366
      13050.000,      -6695.000,  367,  367
      13050.000,      -6685.000,  367,  368
      13050.000,      -6675.000,  367,  369
      13050.000,      -6665.000,  367,  370
      13060.000,      -6655.000,  368,  371
      13060.000,      -6645.000,  368,  372
      13060.000,      -6635.000,  368,  373
      13060.000,      -6625.000,  368,  374
      13060.000,      -6615.000,  368,  375
      13070.000,      -6605.000,  369,  376
      13070.000,      -6595.000,  369,  377
      13070.000,      -6585.000,  369,  378
      13070.000,      -6575.000,  369,  379
      13070.000,      -6565.000,  369,  380
      13070.000,      -6555.000,  369,  381
      13080.000,      -6545.000,  370,  382
      13080.000,      -6535.000,  370,  383
      13080.000,      -6525.000,  370,  384
      13080.000,      -6515.000,  370,  385
      13080.000,      -6505.000,  370,  386
      13090.000,      -6495.000,  371,  387
      13090.000,      -6485.000,  371,  388
      13090.000,      -6475.000,  371,  389
      13090.000,      -6465.000,  371,  390
      13090.000,      -6455.000,  371,  391
      13100.000,      -6445.000,  372,  392
      13100.000,      -6435.000,  372,  393
      13100.000,      -6425.000,  372,  394
      13100.000,      -6415.000,  372,  395
      13100.000,      -6405.000,  372,  396
      13110.000,      -6395.000,  373,  397
      13110.000,      -6385.000,  373,  398
      13110.000,      -6375.000,  373,  399
      13110.000,      -6365.000,  373,  400
      13110.000,      -6355.000,  373,  401
      13110.000,      -6345.000,  373,  402
      13120.000,      -6335.000,  374,  403
      13120.000,      -6325.000,  374,  404
      13120.000,      -6315.000,  374,  405
      13120.000,      -6305.000,  374,  406
      13120.000,      -6295.000,  374,  407
      13130.000,      -6285.000,  375,  408
      13130.000,      -6275.000,  375,  409
      13130.000,      -6265.000,  375,  410
      13130.000,      -6255.000,  375,  411
      13130.000,      -6245.000,  375,  412
      13140.000,      -6235.000,  376,  413
      13140.000,      -6225.000,  376,  414
      13140.000,      -6215.000,  376,  415
      13140.000,      -6205.000,  376,  416
      13140.000,      -6195.000,  376,  417
      13150.000,      -6185.000,  377,  418
      13150.000,      -6175.000,  377,  419
      13150.000,      -6165.000,  377,  420
      13150.000,      -6155.000,  377,  421
      13150.000,      -6145.000,  377,  422
      13150.000,      -6135.000,  377,  423
      13160.000,      -6125.000,  378,  424
      13160.000,      -6115.000,  378,  425
      13160.000,      -6105.000,  378,  426
      13160.000,      -6095.000,  378,  427
      13160.000,      -6085.000,  378,  428
      13170.000,      -6075.000,  379,  429
      13170.000,      -6065.000,  379,  430
      13170.000,      -6055.000,  379,  431
      13170.000,      -6045.000,  379,  432
      13180.000,      -6035.000,  380,  433
      13180.000,      -6025.000,  380,  434
      13180.000,      -6015.000,  380,  435
      13180.000,      -6005.000,  380,  436
      13190.000,      -5995.000,  381,  437
      13190.000,      -5985.000,  381,  438
      13190.000,      -5975.000,  381,  439
      13190.000,      -5965.000,  381,  440
      13200.000,      -5955.000,  382,  441
      13200.000,      -5945.000,  382,  442
      13200.000,      -5935.000,  382,  443
      13210.000,      -5925.000,  383,  444
      13210.000,      -5915.000,  383,  445
      13210.000,      -5905.000,  383,  446
      13210.000,      -5895.000,  383,  447
      13220.000,      -5885.000,  384,  448
      13220.000,      -5875.000,  384,  449
      13220.000,      -5865.000,  384,  450
      13220.000,      -5855.000,  384,  451
      13230.000,      -5845.000,  385,  452
      13230.000,      -5835.000,  385,  453
      13230.000,      -5825.000,  385,  454
      13230.000,      -5815.000,  385,  455
      13240.000,      -5805.000,  386,  456
      13240.000,      -5795.000,  386,  457
      13240.000,      -5785.000,  386,  458
      13250.000,      -5775.000,  387,  459
      13250.000,      -5765.000,  387,  460
      13250.000,      -5755.000,  387,  461
      13250.000,      -5745.000,  387,  462
      13260.000,      -5735.000,  388,  463
      13260.000,      -5725.000,  388,  464
      13260.000,      -5715.000,  388,  465
      13260.000,      -5705.000,  388,  466
      13270.000,      -5695.000,  389,  467
      13270.000,      -5685.000,  389,  468
      13270.000,      -5675.000,  389,  469
      13270.000,      -5665.000,  389,  470
      13280.000,      -5655.000,  390,  471
      13280.000,      -5645.000,  390,  472
      13280.000,      -5635.000,  390,  473
      13290.000,      -5625.000,  391,  474
      13290.000,      -5615.000,  391,  475
      13290.000,      -5605.000,  391,  476
      13290.000,      -5595.000,  391,  477
      13300.000,      -5585.000,  392,  478
      13300.000,      -5575.000,  392,  479
      13300.000,      -5565.000,  392,  480
      13300.000,      -5555.000,  392,  481
      13310.000,      -5545.000,  393,  482
      13310.000,      -5535.000,  393,  483
      13310.000,      -5525.000,  393,  484
      13310.000,      -5515.000,  393,  485
      13320.000,      -5505.000,  394,  486
      13320.000,      -5495.000,  394,  487
      13320.000,      -5485.000,  394,  488
      13330.000,      -5475.000,  395,  489
      13330.000,      -5465.000,  395,  490
      13330.000,      -5455.000,  395,  491
      13330.000,      -5445.000,  395,  492
      13340.000,      -5435.000,  396,  493
      13340.000,      -5425.000,  396,  494
      13340.000,      -5415.000,  396,  495
      13340.000,      -5405.000,  396,  496
      13350.000,      -5395.000,  397,  497
      13350.000,      -5385.000,  397,  498
      13350.000,      -5375.000,  397,  499
      13350.000,      -5365.000,  397,  500
      13360.000,      -5355.000,  398,  501
      13360.000,      -5345.000,  398,  502
      13360.000,      -5335.000,  398,  503
      13370.000,      -5325.000,  399,  504
      13370.000,      -5315.000,  399,  505
      13370.000,      -5305.000,  399,  506
      13370.000,      -5295.000,  399,  507
      13380.000,      -5285.000,  400,  508
      13380.000,      -5275.000,  400,  509
      13380.000,      -5265.000,  400,  510
      13380.000,      -5255.000,  400,  511
      13390.000,      -5245.000,  401,  512
      13390.000,      -5235.000,  401,  513
      13390.000,      -5225.000,  401,  514
      13390.000,      -5215.000,  401,  515
      13400.000,      -5205.000,  402,  516
      13400.000,      -5195.000,  402,  517
      13400.000,      -5185.000,  402,  518
      13400.000,      -5175.000,  402,  519
      13410.000,      -5165.000,  403,  520
      13410.000,      -5155.000,  403,  521
      13410.000,      -5145.000,  403,  522
      13420.000,      -5135.000,  404,  523
      13420.000,      -5125.000,  404,  524
      13420.000,      -5115.000,  404,  525
      13420.000,      -5105.000,  404,  526
      13430.000,      -5095.000,  405,  527
      13430.000,      -5085.000,  405,  528
      13430.000,      -5075.000,  405,  529
      13430.000,      -5065.000,  405,  530
      13440.000,      -5055.000,  406,  531
      13440.000,      -5045.000,  406,  532
      13440.000,      -5035.000,  406,  533
      13440.000,      -5025.000,  406,  534
      13450.000,      -5015.000,  407,  535
      13450.000,      -5005.000,  407,  536
      13450.000,      -4995.000,  407,  537
      13460.000,      -4985.000,  408,  538
      13460.000,      -4975.000,  408,  539
      13460.000,      -4965.000,  408,  540
      13460.000,      -4955.000,  408,  541
      13470.000,      -4945.000,  409,  542
      13470.000,      -4935.000,  409,  543
      13470.000,      -4925.000,  409,  544
      13470.000,      -4915.000,  409,  545
      13480.000,      -4905.000,  410,  546
      13480.000,      -4895.000,  410,  547
      13480.000,      -4885.000,  410,  548
      13480.000,      -4875.000,  410,  549
      13480.000,      -4865.000,  410,  550
      13480.000,      -4855.000,  410,  551
      13490.000,      -4845.000,  411,  552
      13490.000,      -4835.000,  411,  553
      13490.000,      -4825.000,  411,  554
      13490.000,      -4815.000,  411,  555
      13490.000,      -4805.000,  411,  556
      13500.000,      -4795.000,  412,  557
      13500.000,      -4785.000,  412,  558
      13500.000,      -4775.000,  412,  559
      13500.000,      -4765.000,  412,  560
      13500.000,      -4755.000,  412,  561
      13500.000,      -4745.000,  412,  562
      13510.000,      -4735.000,  413,  563
      13510.000,      -4725.000,  413,  564
      13510.000,      -4715.000,  413,  565
      13510.000,      -4705.000,  413,  566
      13510.000,      -4695.000,  413,  567
      13510.000,      -4685.000,  413,  568
      13520.000,      -4675.000,  414,  569
      13520.000,      -4665.000,  414,  570
      13520.000,      -4655.000,  414,  571
      13520.000,      -4645.000,  414,  572
      13520.000,      -4635.000,  414,  573
      13520.000,      -4625.000,  414,  574
      13530.000,      -4615.000,  415,  575
      13530.000,      -4605.000,  415,  576
      13530.000,      -4595.000,  415,  577
      13530.000,      -4585.000,  415,  578
      13530.000,      -4575.000,  415,  579
      13530.000,      -4565.000,  415,  580
      13540.000,      -4555.000,  416,  581
      13540.000,      -4545.000,  416,  582
      13540.000,      -4535.000,  416,  583
      13540.000,      -4525.000,  416,  584
      13540.000,      -4515.000,  416,  585
      13540.000,      -4505.000,  416,  586
      13550.000,      -4495.000,  417,  587
      13550.000,      -4485.000,  417,  588
      13550.000,      -4475.000,  417,  589
      13550.000,      -4465.000,  417,  590
      13550.000,      -4455.000,  417,  591
      13560.000,      -4445.000,  418,  592
      13560.000,      -4435.000,  418,  593
      13560.000,      -4425.000,  418,  594
      13560.000,      -4415.000,  418,  595
      13560.000,      -4405.000,  418,  596
      13560.000,      -4395.000,  418,  597
      13570.000,      -4385.000,  419,  598
      13570.000,      -4375.000,  419,  599
      13570.000,      -4365.000,  419,  600
      13570.000,      -4355.000,  419,  601
      13570.000,      -4345.000,  419,  602
      13570.000,      -4335.000,  419,  603
      13580.000,      -4325.000,  420,  604
      13580.000,      -4315.000,  420,  605
      13580.000,      -4305.000,  420,  606
      13580.000,      -4295.000,  420,  607
      13580.000,      -4285.000,  420,  608
      13580.000,      -4275.000,  420,  609
      13590.000,      -4265.000,  421,  610
      13590.000,      -4255.000,  421,  611
      13590.000,      -4245.000,  421,  612
      13590.000,      -4235.000,  421,  613
      13590.000,      -4225.000,  421,  614
      13590.000,      -4215.000,  421,  615
      13600.000,      -4205.000,  422,  616
      13600.000,      -4195.000,  422,  617
      13600.000,      -4185.000,  422,  618
      13600.000,      -4175.000,  422,  619
      13600.000,      -4165.000,  422,  620
      13600.000,      -4155.000,  422,  621
      13610.000,      -4145.000,  423,  622
      13610.000,      -4135.000,  423,  623
      13610.000,      -4125.000,  423,  624
      13610.000,      -4115.000,  423,  625
      13610.000,      -4105.000,  423,  626
      13620.000,      -4095.000,  424,  627
      13620.000,      -4085.000,  424,  628
      13620.000,      -4075.000,  424,  629
      13620.000,      -4065.000,  424,  630
      13620.000,      -4055.000,  424,  631
      13620.000,      -4045.000,  424,  632
      13620.000,      -4035.000,  424,  633
      13620.000,      -4025.000,  424,  634
      13620.000,      -4015.000,  424,  635
      13620.000,      -4005.000,  424,  636
      13610.000,      -3995.000,  423,  637
      13610.000,      -3985.000,  423,  638
      13610.000,      -3975.000,  423,  639
      13610.000,      -3965.000,  423,  640
      13610.000,      -3955.000,  423,  641
      13610.000,      -3945.000,  423,  642
      13600.000,      -3935.000,  422,  643
      13600.000,      -3925.000,  422,  644
      13600.000,      -3915.000,  422,  645
      13600.000,      -3905.000,  422,  646
      13600.000,      -3895.000,  422,  647
      13600.000,      -3885.000,  422,  648
      13590.000,      -3875.000,  421,  649
      13590.000,      -3865.000,  421,  650
      13590.000,      -3855.000,  421,  651
      13590.000,      -3845.000,  421,  652
      13590.000,      -3835.000,  421,  653
      13590.000,      -3825.000,  421,  654
      13580.000,      -3815.000,  420,  655
      13580.000,      -3805.000,  420,  656
      13580.000,      -3795.000,  420,  657
      13580.000,      -3785.000,  420,  658
      13580.000,      -3775.000,  420,  659
      13580.000,      -3765.000,  420,  660
      13570.000,      -3755.000,  419,  661
      13570.000,      -3745.000,  419,  662
      13570.000,      -3735.000,  419,  663
      13570.000,      -3725.000,  419,  664
      13570.000,      -3715.000,  419,  665
      13570.000,      -3705.000,  419,  666
      13560.000,      -3695.000,  418,  667
      13560.000,      -3685.000,  418,  668
      13560.000,      -3675.000,  418,  669
      13560.000,      -3665.000,  418,  670
      13560.000,      -3655.000,  418,  671
      13550.000,      -3645.000,  417,  672
      13550.000,      -3635.000,  417,  673
      13550.000,      -3625.000,  417,  674
      13550.000,      -3615.000,  417,  675
      13550.000,      -3605.000,  417,  676
      13550.000,      -3595.000,  417,  677
      13540.000,      -3585.000,  416,  678
      13540.000,      -3575.000,  416,  679
      13540.000,      -3565.000,  416,  680
      13540.000,      -3555.000,  416,  681
      13540.000,      -3545.000,  416,  682
      13540.000,      -3535.000,  416,  683
      13530.000,      -3525.000,  415,  684
      13530.000,      -3515.000,  415,  685
      13530.000,      -3505.000,  415,  686
      13530.000,      -3495.000,  415,  687
      13530.000,      -3485.000,  415,  688
      13530.000,      -3475.000,  415,  689
      13520.000,      -3465.000,  414,  690
      13520.000,      -3455.000,  414,  691
      13520.000,      -3445.000,  414,  692
      13520.000,      -3435.000,  414,  693
      13520.000,      -3425.000,  414,  694
      13520.000,      -3415.000,  414,  695
      13510.000,      -3405.000,  413,  696
      13510.000,      -3395.000,  413,  697
      13510.000,      -3385.000,  413,  698
      13510.000,      -3375.000,  413,  699
      13510.000,      -3365.000,  413,  700
      13510.000,      -3355.000,  413,  701
      13500.000,      -3345.000,  412,  702
      13500.000,      -3335.000,  412,  703
      13500.000,      -3325.000,  412,  704
      13500.000,      -3315.000,  412,  705
      13500.000,      -3305.000,  412,  706
      13490.000,      -3295.000,  411,  707
      13490.000,      -3285.000,  411,  708
      13490.000,      -3275.000,  411,  709
      13490.000,      -3265.000,  411,  710
      13490.000,      -3255.000,  411,  711
      13490.000,      -3245.000,  411,  712
      13480.000,      -3235.000,  410,  713
      13480.000,      -3225.000,  410,  714
      13480.000,      -3215.000,  410,  715
      13480.000,      -3205.000,  410,  716
      13480.000,      -3195.000,  410,  717
      13480.000,      -3185.000,  410,  718
      13470.000,      -3175.000,  409,  719
      13460.000,      -3165.000,  408,  720
      13460.000,      -3155.000,  408,  721
      13450.000,      -3145.000,  407,  722
      13440.000,      -3135.000,  406,  723
      13430.000,      -3125.000,  405,  724
      13430.000,      -3115.000,  405,  725
      13420.000,      -3105.000,  404,  726
      13410.000,      -3095.000,  403,  727
      13410.000,      -3085.000,  403,  728
      13400.000,      -3075.000,  402,  729
      13390.000,      -3065.000,  401,  730
      13380.000,      -3055.000,  400,  731
      13380.000,      -3045.000,  400,  732
      13370.000,      -3035.000,  399,  733
      13360.000,      -3025.000,  398,  734
      13350.000,      -3015.000,  397,  735
      13350.000,      -3005.000,  397,  736
      13340.000,      -2995.000,  396,  737
      13330.000,      -2985.000,  395,  738
      13330.000,      -2975.000,  395,  739
      13320.000,      -2965.000,  394,  740
      13310.000,      -2955.000,  393,  741
      13300.000,      -2945.000,  392,  742
      13300.000,      -2935.000,  392,  743
      13290.000,      -2925.000,  391,  744
      13280.000,      -2915.000,  390,  745
      13270.000,      -2905.000,  389,  746
      13270.000,      -2895.000,  389,  747
      13260.000,      -2885.000,  388,  748
      13250.000,      -2875.000,  387,  749
      13250.000,      -2865.000,  387,  750
      13240.000,      -2855.000,  386,  751
      13230.000,      -2845.000,  385,  752
      13220.000,      -2835.000,  384,  753
      13220.000,      -2825.000,  384,  754
      13210.000,      -2815.000,  383,  755
      13200.000,      -2805.000,  382,  756
      13200.000,      -2795.000,  382,  757
      13190.000,      -2785.000,  381,  758
      13180.000,      -2775.000,  380,  759
      13170.000,      -2765.000,  379,  760
      13170.000,      -2755.000,  379,  761
      13160.000,      -2745.000,  378,  762
      13150.000,      -2735.000,  377,  763
      13140.000,      -2725.000,  376,  764
      13140.000,      -2715.000,  376,  765
      13130.000,      -2705.000,  375,  766
      13120.000,      -2695.000,  374,  767
      13120.000,      -2685.000,  374,  768
      13110.000,      -2675.000,  373,  769
      13100.000,      -2665.000,  372,  770
      13090.000,      -2655.000,  371,  771
      13090.000,      -2645.000,  371,  772
      13080.000,      -2635.000,  370,  773
      13070.000,      -2625.000,  369,  774
      13060.000,      -2615.000,  368,  775
      13060.000,      -2605.000,  368,  776
      13050.000,      -2595.000,  367,  777
      13040.000,      -2585.000,  366,  778
      13040.000,      -2575.000,  366,  779
      13030.000,      -2565.000,  365,  780
      13020.000,      -2555.000,  364,  781
      13010.000,      -2545.000,  363,  782
      12990.000,      -2535.000,  361,  783
      12980.000,      -2525.000,  360,  784
      12960.000,      -2515.000,  358,  785
      12950.000,      -2505.000,  357,  786
      12930.000,      -2495.000,  355,  787
      12920.000,      -2485.000,  354,  788
      12900.000,      -2475.000,  352,  789
      12880.000,      -2465.000,  350,  790
      12870.000,      -2455.000,  349,  791
      12850.000,      -2445.000,  347,  792
      12840.000,      -2435.000,  346,  793
      12820.000,      -2425.000,  344,  794
      12810.000,      -2415.000,  343,  795
      12790.000,      -2405.000,  341,  796
      12780.000,      -2395.000,  340,  797
      12760.000,      -2385.000,  338,  798
      12750.000,      -2375.000,  337,  799
      12730.000,      -2365.000,  335,  800
      12720.000,      -2355.000,  334,  801
      12700.000,      -2345.000,  332,  802
      12680.000,      -2335.000,  330,  803
      12670.000,      -2325.000,  329,  804
      12650.000,      -2315.000,  327,  805
      12640.000,      -2305.000,  326,  806
      12620.000,      -2295.000,  324,  807
      12610.000,      -2285.000,  323,  808
      12590.000,      -2275.000,  321,  809
      12580.000,      -2265.000,  320,  810
      12560.000,      -2255.000,  318,  811
      12550.000,      -2245.000,  317,  812
      12530.000,      -2235.000,  315,  813
      12510.000,      -2225.000,  313,  814
      12500.000,      -2215.000,  312,  815
      12480.000,      -2205.000,  310,  816
      12470.000,      -2195.000,  309,  817
      12450.000,      -2185.000,  307,  818
      12440.000,      -2175.000,  306,  819
      12420.000,      -2165.000,  304,  820
      12410.000,      -2155.000,  303,  821
      12390.000,      -2145.000,  301,  822
      12380.000,      -2135.000,  300,  823
      12360.000,      -2125.000,  298,  824
      12330.000,      -2115.000,  295,  825
      12280.000,      -2105.000,  290,  826
      12230.000,      -2095.000,  285,  827
      12190.000,      -2085.000,  281,  828
      12140.000,      -2075.000,  276,  829
      12090.000,      -2065.000,  271,  830
      12050.000,      -2055.000,  267,  831
      12000.000,      -2045.000,  262,  832
      11950.000,      -2035.000,  257,  833
      11900.000,      -2025.000,  252,  834
      11860.000,      -2015.000,  248,  835
      11810.000,      -2005.000,  243,  836
      11760.000,      -1995.000,  238,  837
      11710.000,      -1985.000,  233,  838
