         435
x,y,i,j
      12505.000,     -10340.000,  312,    3
      12515.000,     -10340.000,  313,    3
      12485.000,     -10330.000,  310,    4
      12495.000,     -10330.000,  311,    4
      12525.000,     -10330.000,  314,    4
      12465.000,     -10320.000,  308,    5
      12475.000,     -10320.000,  309,    5
      12535.000,     -10320.000,  315,    5
      12445.000,     -10310.000,  306,    6
      12455.000,     -10310.000,  307,    6
      12425.000,     -10300.000,  304,    7
      12435.000,     -10300.000,  305,    7
      12545.000,     -10300.000,  316,    7
      12405.000,     -10290.000,  302,    8
      12415.000,     -10290.000,  303,    8
      12555.000,     -10290.000,  317,    8
      12385.000,     -10280.000,  300,    9
      12395.000,     -10280.000,  301,    9
      12565.000,     -10280.000,  318,    9
      12365.000,     -10270.000,  298,   10
      12375.000,     -10270.000,  299,   10
      12575.000,     -10270.000,  319,   10
      12345.000,     -10260.000,  296,   11
      12355.000,     -10260.000,  297,   11
      12585.000,     -10260.000,  320,   11
      12325.000,     -10250.000,  294,   12
      12335.000,     -10250.000,  295,   12
      12595.000,     -10250.000,  321,   12
      12315.000,     -10240.000,  293,   13
      12605.000,     -10240.000,  322,   13
      12295.000,     -10230.000,  291,   14
      12305.000,     -10230.000,  292,   14
      12615.000,     -10230.000,  323,   14
      12275.000,     -10220.000,  289,   15
      12285.000,     -10220.000,  290,   15
      12625.000,     -10220.000,  324,   15
      12255.000,     -10210.000,  287,   16
      12265.000,     -10210.000,  288,   16
      12235.000,     -10200.000,  285,   17
      12245.000,     -10200.000,  286,   17
      12635.000,     -10200.000,  325,   17
      12215.000,     -10190.000,  283,   18
      12225.000,     -10190.000,  284,   18
      12645.000,     -10190.000,  326,   18
      12195.000,     -10180.000,  281,   19
      12205.000,     -10180.000,  282,   19
      12655.000,     -10180.000,  327,   19
      12175.000,     -10170.000,  279,   20
      12185.000,     -10170.000,  280,   20
      12665.000,     -10170.000,  328,   20
      12155.000,     -10160.000,  277,   21
      12165.000,     -10160.000,  278,   21
      12675.000,     -10160.000,  329,   21
      12135.000,     -10150.000,  275,   22
      12145.000,     -10150.000,  276,   22
      12685.000,     -10150.000,  330,   22
      12115.000,     -10140.000,  273,   23
      12125.000,     -10140.000,  274,   23
      12695.000,     -10140.000,  331,   23
      12095.000,     -10130.000,  271,   24
      12105.000,     -10130.000,  272,   24
      12705.000,     -10130.000,  332,   24
      12075.000,     -10120.000,  269,   25
      12085.000,     -10120.000,  270,   25
      12055.000,     -10110.000,  267,   26
      12065.000,     -10110.000,  268,   26
      12715.000,     -10110.000,  333,   26
      12035.000,     -10100.000,  265,   27
      12045.000,     -10100.000,  266,   27
      12725.000,     -10100.000,  334,   27
      12015.000,     -10090.000,  263,   28
      12025.000,     -10090.000,  264,   28
      12735.000,     -10090.000,  335,   28
      11995.000,     -10080.000,  261,   29
      12005.000,     -10080.000,  262,   29
      12745.000,     -10080.000,  336,   29
      11985.000,     -10070.000,  260,   30
      12755.000,     -10070.000,  337,   30
      11975.000,     -10060.000,  259,   31
      12765.000,     -10060.000,  338,   31
      11965.000,     -10050.000,  258,   32
      12775.000,     -10050.000,  339,   32
      11955.000,     -10040.000,  257,   33
      12785.000,     -10040.000,  340,   33
      11945.000,     -10030.000,  256,   34
      12795.000,     -10020.000,  341,   35
      11935.000,     -10010.000,  255,   36
      12805.000,     -10010.000,  342,   36
      11925.000,     -10000.000,  254,   37
      12815.000,     -10000.000,  343,   37
      11915.000,      -9990.000,  253,   38
      11905.000,      -9980.000,  252,   39
      11895.000,      -9970.000,  251,   40
      11885.000,      -9960.000,  250,   41
      11875.000,      -9940.000,  249,   43
      11865.000,      -9930.000,  248,   44
      11855.000,      -9920.000,  247,   45
      11845.000,      -9910.000,  246,   46
      11835.000,      -9900.000,  245,   47
      11825.000,      -9890.000,  244,   48
      11815.000,      -9870.000,  243,   50
      11805.000,      -9860.000,  242,   51
      11795.000,      -9850.000,  241,   52
      11785.000,      -9840.000,  240,   53
      11775.000,      -9830.000,  239,   54
      11765.000,      -9820.000,  238,   55
      11755.000,      -9800.000,  237,   57
      11745.000,      -9790.000,  236,   58
      11735.000,      -9780.000,  235,   59
      11725.000,      -9770.000,  234,   60
      11715.000,      -9760.000,  233,   61
      11705.000,      -9740.000,  232,   63
      11695.000,      -9730.000,  231,   64
      11685.000,      -9720.000,  230,   65
      11675.000,      -9710.000,  229,   66
      11665.000,      -9700.000,  228,   67
      11655.000,      -9690.000,  227,   68
      11645.000,      -9670.000,  226,   70
      11635.000,      -9660.000,  225,   71
      11625.000,      -9650.000,  224,   72
      11615.000,      -9640.000,  223,   73
      11605.000,      -9630.000,  222,   74
      11595.000,      -9620.000,  221,   75
      11585.000,      -9600.000,  220,   77
      11575.000,      -9590.000,  219,   78
      11565.000,      -9580.000,  218,   79
      11555.000,      -9570.000,  217,   80
      11545.000,      -9560.000,  216,   81
      11535.000,      -9550.000,  215,   82
      11525.000,      -9530.000,  214,   84
      11515.000,      -9520.000,  213,   85
      11505.000,      -9510.000,  212,   86
      11495.000,      -9500.000,  211,   87
      11485.000,      -9490.000,  210,   88
      11475.000,      -9480.000,  209,   89
      11465.000,      -9460.000,  208,   91
      11455.000,      -9450.000,  207,   92
      11445.000,      -9440.000,  206,   93
      11435.000,      -9430.000,  205,   94
      11425.000,      -9420.000,  204,   95
      11415.000,      -9400.000,  203,   97
      11405.000,      -9390.000,  202,   98
      11395.000,      -9380.000,  201,   99
      11385.000,      -9370.000,  200,  100
      11375.000,      -9360.000,  199,  101
      11365.000,      -9350.000,  198,  102
      11355.000,      -9330.000,  197,  104
      11345.000,      -9320.000,  196,  105
      11335.000,      -9310.000,  195,  106
      11325.000,      -9290.000,  194,  108
      11315.000,      -9270.000,  193,  110
      11305.000,      -9260.000,  192,  111
      11295.000,      -9240.000,  191,  113
      11285.000,      -9220.000,  190,  115
      11275.000,      -9210.000,  189,  116
      11265.000,      -9190.000,  188,  118
      11255.000,      -9170.000,  187,  120
      11245.000,      -9160.000,  186,  121
      11235.000,      -9140.000,  185,  123
      11225.000,      -9120.000,  184,  125
      11215.000,      -9110.000,  183,  126
      11205.000,      -9090.000,  182,  128
      11195.000,      -9070.000,  181,  130
      11185.000,      -9050.000,  180,  132
      11175.000,      -9040.000,  179,  133
      11165.000,      -9020.000,  178,  135
      11155.000,      -9000.000,  177,  137
      11145.000,      -8990.000,  176,  138
      11135.000,      -8970.000,  175,  140
      11125.000,      -8950.000,  174,  142
      11115.000,      -8940.000,  173,  143
      11105.000,      -8920.000,  172,  145
      11095.000,      -8900.000,  171,  147
      11085.000,      -8890.000,  170,  148
      11075.000,      -8870.000,  169,  150
      11065.000,      -8850.000,  168,  152
      11055.000,      -8840.000,  167,  153
      11045.000,      -8820.000,  166,  155
      11035.000,      -8800.000,  165,  157
      11025.000,      -8780.000,  164,  159
      11015.000,      -8770.000,  163,  160
      11005.000,      -8750.000,  162,  162
      12695.000,      -8740.000,  331,  163
      10995.000,      -8730.000,  161,  164
      10985.000,      -8720.000,  160,  165
      10975.000,      -8700.000,  159,  167
      10965.000,      -8680.000,  158,  169
      10955.000,      -8670.000,  157,  170
      12705.000,      -8670.000,  332,  170
      10945.000,      -8650.000,  156,  172
      10935.000,      -8630.000,  155,  174
      10925.000,      -8620.000,  154,  175
      10915.000,      -8600.000,  153,  177
      12715.000,      -8590.000,  333,  178
      10905.000,      -8580.000,  152,  179
      10895.000,      -8560.000,  151,  181
      10885.000,      -8550.000,  150,  182
      10875.000,      -8530.000,  149,  184
      12725.000,      -8520.000,  334,  185
      10865.000,      -8510.000,  148,  186
      10855.000,      -8500.000,  147,  187
      10845.000,      -8480.000,  146,  189
      10835.000,      -8460.000,  145,  191
      10825.000,      -8450.000,  144,  192
      12735.000,      -8440.000,  335,  193
      10815.000,      -8430.000,  143,  194
      10805.000,      -8410.000,  142,  196
      10795.000,      -8400.000,  141,  197
      10785.000,      -8380.000,  140,  199
      12745.000,      -8370.000,  336,  200
      10775.000,      -8360.000,  139,  201
      10765.000,      -8350.000,  138,  202
      10755.000,      -8330.000,  137,  204
      10745.000,      -8310.000,  136,  206
      10735.000,      -8290.000,  135,  208
      12755.000,      -8290.000,  337,  208
      10725.000,      -8280.000,  134,  209
      10715.000,      -8260.000,  133,  211
      10705.000,      -8240.000,  132,  213
      10695.000,      -8230.000,  131,  214
      12765.000,      -8220.000,  338,  215
      10685.000,      -8210.000,  130,  216
      10675.000,      -8190.000,  129,  218
      10665.000,      -8180.000,  128,  219
      10655.000,      -8160.000,  127,  221
      12775.000,      -8150.000,  339,  222
      10645.000,      -8140.000,  126,  223
      10635.000,      -8130.000,  125,  224
      10625.000,      -8110.000,  124,  226
      12785.000,      -8100.000,  340,  227
      10615.000,      -8090.000,  123,  228
      10605.000,      -8070.000,  122,  230
      10595.000,      -8050.000,  121,  232
      12795.000,      -8040.000,  341,  233
      10585.000,      -8030.000,  120,  234
      10575.000,      -8010.000,  119,  236
      10565.000,      -7990.000,  118,  238
      12805.000,      -7990.000,  342,  238
      10555.000,      -7970.000,  117,  240
      10545.000,      -7960.000,  116,  241
      10535.000,      -7940.000,  115,  243
      12815.000,      -7940.000,  343,  243
      10525.000,      -7920.000,  114,  245
      10515.000,      -7900.000,  113,  247
      10505.000,      -7880.000,  112,  249
      12825.000,      -7880.000,  344,  249
      10495.000,      -7860.000,  111,  251
      10485.000,      -7840.000,  110,  253
      12835.000,      -7830.000,  345,  254
      10475.000,      -7820.000,  109,  255
      10465.000,      -7800.000,  108,  257
      10455.000,      -7780.000,  107,  259
      12845.000,      -7780.000,  346,  259
      10445.000,      -7760.000,  106,  261
      10435.000,      -7740.000,  105,  263
      10425.000,      -7720.000,  104,  265
      12855.000,      -7720.000,  347,  265
      10415.000,      -7710.000,  103,  266
      10405.000,      -7690.000,  102,  268
      10395.000,      -7670.000,  101,  270
      12865.000,      -7670.000,  348,  270
      10385.000,      -7650.000,  100,  272
      10375.000,      -7630.000,   99,  274
      12875.000,      -7620.000,  349,  275
      10365.000,      -7610.000,   98,  276
      10355.000,      -7590.000,   97,  278
      10345.000,      -7570.000,   96,  280
      12885.000,      -7560.000,  350,  281
      10335.000,      -7550.000,   95,  282
      10325.000,      -7530.000,   94,  284
      10315.000,      -7510.000,   93,  286
      12895.000,      -7510.000,  351,  286
      10305.000,      -7490.000,   92,  288
      10295.000,      -7470.000,   91,  290
      10285.000,      -7460.000,   90,  291
      12905.000,      -7460.000,  352,  291
      10275.000,      -7440.000,   89,  293
      10265.000,      -7420.000,   88,  295
      10255.000,      -7400.000,   87,  297
      12915.000,      -7400.000,  353,  297
      10245.000,      -7380.000,   86,  299
      10235.000,      -7360.000,   85,  301
      12925.000,      -7350.000,  354,  302
      10225.000,      -7340.000,   84,  303
      10215.000,      -7320.000,   83,  305
      10205.000,      -7300.000,   82,  307
      12935.000,      -7300.000,  355,  307
      10195.000,      -7280.000,   81,  309
      10185.000,      -7260.000,   80,  311
      10175.000,      -7240.000,   79,  313
      12945.000,      -7240.000,  356,  313
      10165.000,      -7230.000,   78,  314
      10155.000,      -7210.000,   77,  316
      12955.000,      -7190.000,  357,  318
      10145.000,      -7180.000,   76,  319
      10135.000,      -7160.000,   75,  321
      10125.000,      -7130.000,   74,  324
      12965.000,      -7130.000,  358,  324
      10115.000,      -7110.000,   73,  326
      10105.000,      -7090.000,   72,  328
      12975.000,      -7080.000,  359,  329
      10095.000,      -7060.000,   71,  331
      10085.000,      -7040.000,   70,  333
      12985.000,      -7030.000,  360,  334
      10075.000,      -7010.000,   69,  336
      10065.000,      -6990.000,   68,  338
      12995.000,      -6980.000,  361,  339
      10055.000,      -6970.000,   67,  340
      10045.000,      -6940.000,   66,  343
      10035.000,      -6920.000,   65,  345
      13005.000,      -6920.000,  362,  345
      10025.000,      -6890.000,   64,  348
      10015.000,      -6870.000,   63,  350
      13015.000,      -6870.000,  363,  350
      10005.000,      -6850.000,   62,  352
       9995.000,      -6820.000,   61,  355
      13025.000,      -6820.000,  364,  355
       9985.000,      -6800.000,   60,  357
       9975.000,      -6780.000,   59,  359
      13035.000,      -6760.000,  365,  361
       9965.000,      -6750.000,   58,  362
       9955.000,      -6730.000,   57,  364
      13045.000,      -6710.000,  366,  366
       9945.000,      -6700.000,   56,  367
       9935.000,      -6680.000,   55,  369
       9925.000,      -6660.000,   54,  371
      13055.000,      -6660.000,  367,  371
       9915.000,      -6630.000,   53,  374
       9905.000,      -6610.000,   52,  376
      13065.000,      -6610.000,  368,  376
       9895.000,      -6580.000,   51,  379
       9885.000,      -6560.000,   50,  381
      13075.000,      -6550.000,  369,  382
       9875.000,      -6540.000,   49,  383
       9865.000,      -6510.000,   48,  386
      13085.000,      -6500.000,  370,  387
       9855.000,      -6490.000,   47,  388
       9845.000,      -6460.000,   46,  391
      13095.000,      -6450.000,  371,  392
       9835.000,      -6440.000,   45,  393
       9825.000,      -6420.000,   44,  395
      13105.000,      -6400.000,  372,  397
       9815.000,      -6390.000,   43,  398
       9805.000,      -6370.000,   42,  400
       9795.000,      -6340.000,   41,  403
      13115.000,      -6340.000,  373,  403
       9785.000,      -6320.000,   40,  405
       9775.000,      -6300.000,   39,  407
      13125.000,      -6290.000,  374,  408
       9765.000,      -6270.000,   38,  410
       9755.000,      -6250.000,   37,  412
      13135.000,      -6240.000,  375,  413
       9745.000,      -6220.000,   36,  415
       9735.000,      -6190.000,   35,  418
      13145.000,      -6190.000,  376,  418
       9725.000,      -6160.000,   34,  421
      13155.000,      -6130.000,  377,  424
       9715.000,      -6120.000,   33,  425
       9705.000,      -6090.000,   32,  428
      13165.000,      -6080.000,  378,  429
       9695.000,      -6060.000,   31,  431
      13175.000,      -6040.000,  379,  433
       9685.000,      -6020.000,   30,  435
      13185.000,      -6000.000,  380,  437
       9675.000,      -5990.000,   29,  438
       9665.000,      -5960.000,   28,  441
      13195.000,      -5960.000,  381,  441
      13205.000,      -5930.000,  382,  444
       9655.000,      -5920.000,   27,  445
       9645.000,      -5890.000,   26,  448
      13215.000,      -5890.000,  383,  448
       9635.000,      -5860.000,   25,  451
      13225.000,      -5850.000,  384,  452
       9625.000,      -5830.000,   24,  454
      13235.000,      -5810.000,  385,  456
       9615.000,      -5790.000,   23,  458
      13245.000,      -5780.000,  386,  459
       9605.000,      -5760.000,   22,  461
      13255.000,      -5740.000,  387,  463
       9595.000,      -5730.000,   21,  464
      13265.000,      -5700.000,  388,  467
       9585.000,      -5690.000,   20,  468
       9575.000,      -5660.000,   19,  471
      13275.000,      -5660.000,  389,  471
       9565.000,      -5630.000,   18,  474
      13285.000,      -5630.000,  390,  474
       9555.000,      -5590.000,   17,  478
      13295.000,      -5590.000,  391,  478
       9545.000,      -5560.000,   16,  481
      13305.000,      -5550.000,  392,  482
       9535.000,      -5530.000,   15,  484
      13315.000,      -5510.000,  393,  486
       9525.000,      -5500.000,   14,  487
      13325.000,      -5480.000,  394,  489
       9515.000,      -5460.000,   13,  491
      13335.000,      -5440.000,  395,  493
       9505.000,      -5430.000,   12,  494
       9495.000,      -5400.000,   11,  497
      13345.000,      -5400.000,  396,  497
       9485.000,      -5360.000,   10,  501
      13355.000,      -5360.000,  397,  501
       9475.000,      -5330.000,    9,  504
      13365.000,      -5330.000,  398,  504
       9465.000,      -5300.000,    8,  507
      13375.000,      -5290.000,  399,  508
      13385.000,      -5250.000,  400,  512
      13395.000,      -5210.000,  401,  516
       9455.000,      -5170.000,    7,  520
      13405.000,      -5170.000,  402,  520
      13415.000,      -5140.000,  403,  523
      13425.000,      -5100.000,  404,  527
      13435.000,      -5060.000,  405,  531
       9445.000,      -5020.000,    6,  535
      13445.000,      -5020.000,  406,  535
      13455.000,      -4990.000,  407,  538
      13465.000,      -4950.000,  408,  542
      13475.000,      -4910.000,  409,  546
       9435.000,      -4870.000,    5,  550
      13485.000,      -4850.000,  410,  552
      13495.000,      -4800.000,  411,  557
      13505.000,      -4740.000,  412,  563
       9425.000,      -4720.000,    4,  565
      13515.000,      -4680.000,  413,  569
      13525.000,      -4620.000,  414,  575
       9415.000,      -4570.000,    3,  580
      13535.000,      -4560.000,  415,  581
      13545.000,      -4500.000,  416,  587
      13555.000,      -4450.000,  417,  592
       9405.000,      -4430.000,    2,  594
      13565.000,      -4390.000,  418,  598
      13575.000,      -4330.000,  419,  604
      13585.000,      -4270.000,  420,  610
      13595.000,      -4210.000,  421,  616
      13605.000,      -4150.000,  422,  622
      13615.000,      -4100.000,  423,  627
