         452
x,y,cvx,cvy,f1x,f1y,f2x,f2y,f3x,f3y,cs                                                              
      13095.000,     -12960.000,   94,    2,    0,    0,    0,    1,    0,    0,    30.000
      13125.000,     -12960.000,   95,    2,    0,    0,    0,    1,    0,    0,    30.000
      13155.000,     -12960.000,   96,    2,    0,    0,    0,    1,    0,    0,    30.000
      13185.000,     -12960.000,   97,    2,    0,    0,    0,    1,    0,    0,    30.000
      13335.000,     -12960.000,  102,    2,    0,    0,    0,    1,    0,    0,    30.000
      13365.000,     -12960.000,  103,    2,    0,    0,    0,    1,    0,    0,    30.000
      13395.000,     -12960.000,  104,    2,    0,    0,    0,    1,    0,    0,    30.000
      13215.000,     -12930.000,   98,    3,    0,    0,    0,    1,    0,    0,    30.000
      13245.000,     -12930.000,   99,    3,    0,    0,    0,    1,    0,    0,    30.000
      13275.000,     -12930.000,  100,    3,    0,    0,    0,    1,    0,    0,    30.000
      13305.000,     -12930.000,  101,    3,    0,    0,    0,    1,    0,    0,    30.000
      13425.000,     -12930.000,  105,    3,    0,    0,    0,    1,    0,    0,    30.000
      13455.000,     -12930.000,  106,    3,    0,    0,    0,    1,    0,    0,    30.000
      13485.000,     -12930.000,  107,    3,    0,    0,    0,    1,    0,    0,    30.000
      13515.000,     -12900.000,  108,    4,    0,    0,    0,    1,    0,    0,    30.000
      13545.000,     -12900.000,  109,    4,    0,    0,    0,    1,    0,    0,    30.000
      13065.000,     -12870.000,   93,    5,    0,    0,    0,    1,    0,    0,    30.000
      13575.000,     -12840.000,  110,    6,    0,    0,    0,    1,    0,    0,    30.000
      13035.000,     -12810.000,   92,    7,    0,    0,    0,    1,    0,    0,    30.000
      13605.000,     -12810.000,  111,    7,    0,    0,    0,    1,    0,    0,    30.000
      13005.000,     -12780.000,   91,    8,    0,    0,    0,    1,    0,    0,    30.000
      13635.000,     -12780.000,  112,    8,    0,    0,    0,    1,    0,    0,    30.000
      13755.000,     -12780.000,  116,    8,    0,    0,    0,    1,    0,    0,    30.000
      12495.000,     -12750.000,   74,    9,    0,    0,    0,    1,    0,    0,    30.000
      12525.000,     -12750.000,   75,    9,    0,    0,    0,    1,    0,    0,    30.000
      12555.000,     -12750.000,   76,    9,    0,    0,    0,    1,    0,    0,    30.000
      12585.000,     -12750.000,   77,    9,    0,    0,    0,    1,    0,    0,    30.000
      12615.000,     -12750.000,   78,    9,    0,    0,    0,    1,    0,    0,    30.000
      12645.000,     -12750.000,   79,    9,    0,    0,    0,    1,    0,    0,    30.000
      12675.000,     -12750.000,   80,    9,    0,    0,    0,    1,    0,    0,    30.000
      12705.000,     -12750.000,   81,    9,    0,    0,    0,    1,    0,    0,    30.000
      12735.000,     -12750.000,   82,    9,    0,    0,    0,    1,    0,    0,    30.000
      12765.000,     -12750.000,   83,    9,    0,    0,    0,    1,    0,    0,    30.000
      12795.000,     -12750.000,   84,    9,    0,    0,    0,    1,    0,    0,    30.000
      12825.000,     -12750.000,   85,    9,    0,    0,    0,    1,    0,    0,    30.000
      12855.000,     -12750.000,   86,    9,    0,    0,    0,    1,    0,    0,    30.000
      12885.000,     -12750.000,   87,    9,    0,    0,    0,    1,    0,    0,    30.000
      12915.000,     -12750.000,   88,    9,    0,    0,    0,    1,    0,    0,    30.000
      12945.000,     -12750.000,   89,    9,    0,    0,    0,    1,    0,    0,    30.000
      12975.000,     -12750.000,   90,    9,    0,    0,    0,    1,    0,    0,    30.000
      13665.000,     -12750.000,  113,    9,    0,    0,    0,    1,    0,    0,    30.000
      13695.000,     -12750.000,  114,    9,    0,    0,    0,    1,    0,    0,    30.000
      13725.000,     -12750.000,  115,    9,    0,    0,    0,    1,    0,    0,    30.000
      13785.000,     -12750.000,  117,    9,    0,    0,    0,    1,    0,    0,    30.000
      13815.000,     -12750.000,  118,    9,    0,    0,    0,    1,    0,    0,    30.000
      13845.000,     -12750.000,  119,    9,    0,    0,    0,    1,    0,    0,    30.000
      13995.000,     -12750.000,  124,    9,    0,    0,    0,    1,    0,    0,    30.000
      14025.000,     -12750.000,  125,    9,    0,    0,    0,    1,    0,    0,    30.000
      14055.000,     -12750.000,  126,    9,    0,    0,    0,    1,    0,    0,    30.000
      14085.000,     -12750.000,  127,    9,    0,    0,    0,    1,    0,    0,    30.000
      12375.000,     -12720.000,   70,   10,    0,    0,    0,    1,    0,    0,    30.000
      12405.000,     -12720.000,   71,   10,    0,    0,    0,    1,    0,    0,    30.000
      12435.000,     -12720.000,   72,   10,    0,    0,    0,    1,    0,    0,    30.000
      12465.000,     -12720.000,   73,   10,    0,    0,    0,    1,    0,    0,    30.000
      13875.000,     -12720.000,  120,   10,    0,    0,    0,    1,    0,    0,    30.000
      13905.000,     -12720.000,  121,   10,    0,    0,    0,    1,    0,    0,    30.000
      13935.000,     -12720.000,  122,   10,    0,    0,    0,    1,    0,    0,    30.000
      13965.000,     -12720.000,  123,   10,    0,    0,    0,    1,    0,    0,    30.000
      10335.000,     -12690.000,    2,   11,    0,    0,    0,    1,    0,    0,    30.000
      10365.000,     -12690.000,    3,   11,    0,    0,    0,    1,    0,    0,    30.000
      10395.000,     -12690.000,    4,   11,    0,    0,    0,    1,    0,    0,    30.000
      12255.000,     -12690.000,   66,   11,    0,    0,    0,    1,    0,    0,    30.000
      12285.000,     -12690.000,   67,   11,    0,    0,    0,    1,    0,    0,    30.000
      12315.000,     -12690.000,   68,   11,    0,    0,    0,    1,    0,    0,    30.000
      12345.000,     -12690.000,   69,   11,    0,    0,    0,    1,    0,    0,    30.000
      14115.000,     -12690.000,  128,   11,    0,    0,    0,    1,    0,    0,    30.000
      10425.000,     -12660.000,    5,   12,    0,    0,    0,    1,    0,    0,    30.000
      11595.000,     -12660.000,   44,   12,    0,    0,    0,    1,    0,    0,    30.000
      11625.000,     -12660.000,   45,   12,    0,    0,    0,    1,    0,    0,    30.000
      11655.000,     -12660.000,   46,   12,    0,    0,    0,    1,    0,    0,    30.000
      11895.000,     -12660.000,   54,   12,    0,    0,    0,    1,    0,    0,    30.000
      11925.000,     -12660.000,   55,   12,    0,    0,    0,    1,    0,    0,    30.000
      11955.000,     -12660.000,   56,   12,    0,    0,    0,    1,    0,    0,    30.000
      11985.000,     -12660.000,   57,   12,    0,    0,    0,    1,    0,    0,    30.000
      12015.000,     -12660.000,   58,   12,    0,    0,    0,    1,    0,    0,    30.000
      12045.000,     -12660.000,   59,   12,    0,    0,    0,    1,    0,    0,    30.000
      12075.000,     -12660.000,   60,   12,    0,    0,    0,    1,    0,    0,    30.000
      12105.000,     -12660.000,   61,   12,    0,    0,    0,    1,    0,    0,    30.000
      12135.000,     -12660.000,   62,   12,    0,    0,    0,    1,    0,    0,    30.000
      12165.000,     -12660.000,   63,   12,    0,    0,    0,    1,    0,    0,    30.000
      10455.000,     -12630.000,    6,   13,    0,    0,    0,    1,    0,    0,    30.000
      10485.000,     -12630.000,    7,   13,    0,    0,    0,    1,    0,    0,    30.000
      11265.000,     -12630.000,   33,   13,    0,    0,    0,    1,    0,    0,    30.000
      11295.000,     -12630.000,   34,   13,    0,    0,    0,    1,    0,    0,    30.000
      11325.000,     -12630.000,   35,   13,    0,    0,    0,    1,    0,    0,    30.000
      11355.000,     -12630.000,   36,   13,    0,    0,    0,    1,    0,    0,    30.000
      11385.000,     -12630.000,   37,   13,    0,    0,    0,    1,    0,    0,    30.000
      11415.000,     -12630.000,   38,   13,    0,    0,    0,    1,    0,    0,    30.000
      11445.000,     -12630.000,   39,   13,    0,    0,    0,    1,    0,    0,    30.000
      11475.000,     -12630.000,   40,   13,    0,    0,    0,    1,    0,    0,    30.000
      11505.000,     -12630.000,   41,   13,    0,    0,    0,    1,    0,    0,    30.000
      11535.000,     -12630.000,   42,   13,    0,    0,    0,    1,    0,    0,    30.000
      11565.000,     -12630.000,   43,   13,    0,    0,    0,    1,    0,    0,    30.000
      11685.000,     -12630.000,   47,   13,    0,    0,    0,    1,    0,    0,    30.000
      11715.000,     -12630.000,   48,   13,    0,    0,    0,    1,    0,    0,    30.000
      11745.000,     -12630.000,   49,   13,    0,    0,    0,    1,    0,    0,    30.000
      12195.000,     -12630.000,   64,   13,    0,    0,    0,    1,    0,    0,    30.000
      12225.000,     -12630.000,   65,   13,    0,    0,    0,    1,    0,    0,    30.000
      10515.000,     -12600.000,    8,   14,    0,    0,    0,    1,    0,    0,    30.000
      11235.000,     -12600.000,   32,   14,    0,    0,    0,    1,    0,    0,    30.000
      11775.000,     -12600.000,   50,   14,    0,    0,    0,    1,    0,    0,    30.000
      11805.000,     -12600.000,   51,   14,    0,    0,    0,    1,    0,    0,    30.000
      11835.000,     -12600.000,   52,   14,    0,    0,    0,    1,    0,    0,    30.000
      11865.000,     -12600.000,   53,   14,    0,    0,    0,    1,    0,    0,    30.000
      14145.000,     -12600.000,  129,   14,    0,    0,    0,    1,    0,    0,    30.000
      11145.000,     -12570.000,   29,   15,    0,    0,    0,    1,    0,    0,    30.000
      11175.000,     -12570.000,   30,   15,    0,    0,    0,    1,    0,    0,    30.000
      11205.000,     -12570.000,   31,   15,    0,    0,    0,    1,    0,    0,    30.000
      10545.000,     -12540.000,    9,   16,    0,    0,    0,    1,    0,    0,    30.000
      10725.000,     -12540.000,   15,   16,    0,    0,    0,    1,    0,    0,    30.000
      10755.000,     -12540.000,   16,   16,    0,    0,    0,    1,    0,    0,    30.000
      10785.000,     -12540.000,   17,   16,    0,    0,    0,    1,    0,    0,    30.000
      10815.000,     -12540.000,   18,   16,    0,    0,    0,    1,    0,    0,    30.000
      10875.000,     -12540.000,   20,   16,    0,    0,    0,    1,    0,    0,    30.000
      10905.000,     -12540.000,   21,   16,    0,    0,    0,    1,    0,    0,    30.000
      10935.000,     -12540.000,   22,   16,    0,    0,    0,    1,    0,    0,    30.000
      10965.000,     -12540.000,   23,   16,    0,    0,    0,    1,    0,    0,    30.000
      10995.000,     -12540.000,   24,   16,    0,    0,    0,    1,    0,    0,    30.000
      11025.000,     -12540.000,   25,   16,    0,    0,    0,    1,    0,    0,    30.000
      11055.000,     -12540.000,   26,   16,    0,    0,    0,    1,    0,    0,    30.000
      11085.000,     -12540.000,   27,   16,    0,    0,    0,    1,    0,    0,    30.000
      11115.000,     -12540.000,   28,   16,    0,    0,    0,    1,    0,    0,    30.000
      10575.000,     -12510.000,   10,   17,    0,    0,    0,    1,    0,    0,    30.000
      10605.000,     -12510.000,   11,   17,    0,    0,    0,    1,    0,    0,    30.000
      10635.000,     -12510.000,   12,   17,    0,    0,    0,    1,    0,    0,    30.000
      10665.000,     -12510.000,   13,   17,    0,    0,    0,    1,    0,    0,    30.000
      10695.000,     -12510.000,   14,   17,    0,    0,    0,    1,    0,    0,    30.000
      10845.000,     -12510.000,   19,   17,    0,    0,    0,    1,    0,    0,    30.000
      10395.000,     -12420.000,    4,   20,    0,    0,    0,    1,    0,    0,    30.000
      14145.000,     -12270.000,  129,   25,    0,    0,    0,    1,    0,    0,    30.000
      14175.000,     -12240.000,  130,   26,    0,    0,    0,    1,    0,    0,    30.000
      14205.000,     -12210.000,  131,   27,    0,    0,    0,    1,    0,    0,    30.000
      14235.000,     -12180.000,  132,   28,    0,    0,    0,    1,    0,    0,    30.000
      14265.000,     -12180.000,  133,   28,    0,    0,    0,    1,    0,    0,    30.000
      14295.000,     -12180.000,  134,   28,    0,    0,    0,    1,    0,    0,    30.000
      14325.000,     -12180.000,  135,   28,    0,    0,    0,    1,    0,    0,    30.000
      14355.000,     -12060.000,  136,   32,    0,    0,    0,    1,    0,    0,    30.000
      14385.000,     -12030.000,  137,   33,    0,    0,    0,    1,    0,    0,    30.000
      14415.000,     -11970.000,  138,   35,    0,    0,    0,    1,    0,    0,    30.000
      14445.000,     -11910.000,  139,   37,    0,    0,    0,    1,    0,    0,    30.000
      14475.000,     -11880.000,  140,   38,    0,    0,    0,    1,    0,    0,    30.000
      14505.000,     -11790.000,  141,   41,    0,    0,    0,    1,    0,    0,    30.000
      14535.000,     -11730.000,  142,   43,    0,    0,    0,    1,    0,    0,    30.000
      14565.000,     -11520.000,  143,   50,    0,    0,    0,    1,    0,    0,    30.000
      14595.000,     -11340.000,  144,   56,    0,    0,    0,    1,    0,    0,    30.000
      14415.000,     -10980.000,  138,   68,    0,    0,    0,    1,    0,    0,    30.000
      14445.000,     -10890.000,  139,   71,    0,    0,    0,    1,    0,    0,    30.000
      12375.000,     -10620.000,   70,   80,    0,    0,    0,    1,    0,    0,    30.000
      14445.000,     -10620.000,  139,   80,    0,    0,    0,    1,    0,    0,    30.000
      14475.000,     -10560.000,  140,   82,    0,    0,    0,    1,    0,    0,    30.000
      12345.000,     -10530.000,   69,   83,    0,    0,    0,    1,    0,    0,    30.000
      12315.000,     -10500.000,   68,   84,    0,    0,    0,    1,    0,    0,    30.000
      12285.000,     -10440.000,   67,   86,    0,    0,    0,    1,    0,    0,    30.000
      12255.000,     -10350.000,   66,   89,    0,    0,    0,    1,    0,    0,    30.000
      12225.000,     -10230.000,   65,   93,    0,    0,    0,    1,    0,    0,    30.000
      12195.000,     -10200.000,   64,   94,    0,    0,    0,    1,    0,    0,    30.000
      13935.000,     -10080.000,  122,   98,    0,    0,    0,    1,    0,    0,    30.000
      12165.000,      -9990.000,   63,  101,    0,    0,    0,    1,    0,    0,    30.000
      12135.000,      -9960.000,   62,  102,    0,    0,    0,    1,    0,    0,    30.000
      12105.000,      -9930.000,   61,  103,    0,    0,    0,    1,    0,    0,    30.000
      12045.000,      -9900.000,   59,  104,    0,    0,    0,    1,    0,    0,    30.000
      12075.000,      -9900.000,   60,  104,    0,    0,    0,    1,    0,    0,    30.000
      11985.000,      -9870.000,   57,  105,    0,    0,    0,    1,    0,    0,    30.000
      12015.000,      -9870.000,   58,  105,    0,    0,    0,    1,    0,    0,    30.000
      11955.000,      -9840.000,   56,  106,    0,    0,    0,    1,    0,    0,    30.000
      11895.000,      -9810.000,   54,  107,    0,    0,    0,    1,    0,    0,    30.000
      11925.000,      -9810.000,   55,  107,    0,    0,    0,    1,    0,    0,    30.000
      11865.000,      -9780.000,   53,  108,    0,    0,    0,    1,    0,    0,    30.000
      13815.000,      -9690.000,  118,  111,    0,    0,    0,    1,    0,    0,    30.000
      13845.000,      -9660.000,  119,  112,    0,    0,    0,    1,    0,    0,    30.000
      11835.000,      -9630.000,   52,  113,    0,    0,    0,    1,    0,    0,    30.000
      11805.000,      -9480.000,   51,  118,    0,    0,    0,    1,    0,    0,    30.000
      11775.000,      -9450.000,   50,  119,    0,    0,    0,    1,    0,    0,    30.000
      11745.000,      -9420.000,   49,  120,    0,    0,    0,    1,    0,    0,    30.000
      11745.000,      -9240.000,   49,  126,    0,    0,    0,    1,    0,    0,    30.000
      11715.000,      -9120.000,   48,  130,    0,    0,    0,    1,    0,    0,    30.000
      12585.000,      -9060.000,   77,  132,    0,    0,    0,    1,    0,    0,    30.000
      11685.000,      -9030.000,   47,  133,    0,    0,    0,    1,    0,    0,    30.000
      12585.000,      -8940.000,   77,  136,    0,    0,    0,    1,    0,    0,    30.000
      11655.000,      -8670.000,   46,  145,    0,    0,    0,    1,    0,    0,    30.000
      11685.000,      -8670.000,   47,  145,    0,    0,    0,    1,    0,    0,    30.000
      11655.000,      -8550.000,   46,  149,    0,    0,    0,    1,    0,    0,    30.000
      11625.000,      -8400.000,   45,  154,    0,    0,    0,    1,    0,    0,    30.000
      11565.000,      -8310.000,   43,  157,    0,    0,    0,    1,    0,    0,    30.000
      11595.000,      -8310.000,   44,  157,    0,    0,    0,    1,    0,    0,    30.000
      11535.000,      -8280.000,   42,  158,    0,    0,    0,    1,    0,    0,    30.000
      11505.000,      -8220.000,   41,  160,    0,    0,    0,    1,    0,    0,    30.000
      11475.000,      -8190.000,   40,  161,    0,    0,    0,    1,    0,    0,    30.000
      11415.000,      -8160.000,   38,  162,    0,    0,    0,    1,    0,    0,    30.000
      11445.000,      -8160.000,   39,  162,    0,    0,    0,    1,    0,    0,    30.000
      11385.000,      -8130.000,   37,  163,    0,    0,    0,    1,    0,    0,    30.000
      11355.000,      -8100.000,   36,  164,    0,    0,    0,    1,    0,    0,    30.000
      11325.000,      -8010.000,   35,  167,    0,    0,    0,    1,    0,    0,    30.000
      12165.000,      -8010.000,   63,  167,    0,    0,    0,    1,    0,    0,    30.000
      11295.000,      -7950.000,   34,  169,    0,    0,    0,    1,    0,    0,    30.000
      12195.000,      -7890.000,   64,  171,    0,    0,    0,    1,    0,    0,    30.000
      11265.000,      -7740.000,   33,  176,    0,    0,    0,    1,    0,    0,    30.000
      12135.000,      -7740.000,   62,  176,    0,    0,    0,    1,    0,    0,    30.000
      12165.000,      -7590.000,   63,  181,    0,    0,    0,    1,    0,    0,    30.000
      11325.000,      -7440.000,   35,  186,    0,    0,    0,    1,    0,    0,    30.000
      11295.000,      -7320.000,   34,  190,    0,    0,    0,    1,    0,    0,    30.000
      11295.000,      -7140.000,   34,  196,    0,    0,    0,    1,    0,    0,    30.000
      12105.000,      -6930.000,   61,  203,    0,    0,    0,    1,    0,    0,    30.000
      12135.000,      -6840.000,   62,  206,    0,    0,    0,    1,    0,    0,    30.000
      12135.000,      -6720.000,   62,  210,    0,    0,    0,    1,    0,    0,    30.000
      12045.000,      -6180.000,   59,  228,    0,    0,    0,    1,    0,    0,    30.000
      11625.000,      -6150.000,   45,  229,    0,    0,    0,    1,    0,    0,    30.000
      11595.000,      -6090.000,   44,  231,    0,    0,    0,    1,    0,    0,    30.000
      12075.000,      -6030.000,   60,  233,    0,    0,    0,    1,    0,    0,    30.000
      11565.000,      -5970.000,   43,  235,    0,    0,    0,    1,    0,    0,    30.000
      12105.000,      -5970.000,   61,  235,    0,    0,    0,    1,    0,    0,    30.000
      11535.000,      -5940.000,   42,  236,    0,    0,    0,    1,    0,    0,    30.000
      12135.000,      -5940.000,   62,  236,    0,    0,    0,    1,    0,    0,    30.000
      12165.000,      -5910.000,   63,  237,    0,    0,    0,    1,    0,    0,    30.000
      12195.000,      -5850.000,   64,  239,    0,    0,    0,    1,    0,    0,    30.000
      11625.000,      -5730.000,   45,  243,    0,    0,    0,    1,    0,    0,    30.000
      12225.000,      -5730.000,   65,  243,    0,    0,    0,    1,    0,    0,    30.000
      12255.000,      -5700.000,   66,  244,    0,    0,    0,    1,    0,    0,    30.000
      11595.000,      -5670.000,   44,  245,    0,    0,    0,    1,    0,    0,    30.000
      12255.000,      -5400.000,   66,  254,    0,    0,    0,    1,    0,    0,    30.000
      12285.000,      -5250.000,   67,  259,    0,    0,    0,    1,    0,    0,    30.000
      12285.000,      -4950.000,   67,  269,    0,    0,    0,    1,    0,    0,    30.000
      12315.000,      -4860.000,   68,  272,    0,    0,    0,    1,    0,    0,    30.000
      12345.000,      -4800.000,   69,  274,    0,    0,    0,    1,    0,    0,    30.000
      12375.000,      -4770.000,   70,  275,    0,    0,    0,    1,    0,    0,    30.000
      12405.000,      -4710.000,   71,  277,    0,    0,    0,    1,    0,    0,    30.000
      10335.000,     -12600.000,    2,   14,    0,   -1,    0,   -1,    0,   -2,    30.000
      10365.000,     -12570.000,    3,   15,    0,   -1,    0,   -1,    0,   -2,    30.000
      14145.000,     -12540.000,  129,   16,    0,   -1,    0,   -1,    0,   -2,    30.000
      10395.000,     -12480.000,    4,   18,    0,   -1,    0,   -1,    0,   -2,    30.000
      10395.000,     -12330.000,    4,   23,    0,   -1,    0,   -1,    0,   -2,    30.000
      10425.000,     -12300.000,    5,   24,    0,   -1,    0,   -1,    0,   -2,    30.000
      10455.000,     -12300.000,    6,   24,    0,   -1,    0,   -1,    0,   -2,    30.000
      10485.000,     -12300.000,    7,   24,    0,   -1,    0,   -1,    0,   -2,    30.000
      10515.000,     -12300.000,    8,   24,    0,   -1,    0,   -1,    0,   -2,    30.000
      10545.000,     -12300.000,    9,   24,    0,   -1,    0,   -1,    0,   -2,    30.000
      10575.000,     -12240.000,   10,   26,    0,   -1,    0,   -1,    0,   -2,    30.000
      10605.000,     -12210.000,   11,   27,    0,   -1,    0,   -1,    0,   -2,    30.000
      10635.000,     -12180.000,   12,   28,    0,   -1,    0,   -1,    0,   -2,    30.000
      10665.000,     -12180.000,   13,   28,    0,   -1,    0,   -1,    0,   -2,    30.000
      10695.000,     -12150.000,   14,   29,    0,   -1,    0,   -1,    0,   -2,    30.000
      10725.000,     -12150.000,   15,   29,    0,   -1,    0,   -1,    0,   -2,    30.000
      10755.000,     -12150.000,   16,   29,    0,   -1,    0,   -1,    0,   -2,    30.000
      10785.000,     -12150.000,   17,   29,    0,   -1,    0,   -1,    0,   -2,    30.000
      10815.000,     -12090.000,   18,   31,    0,   -1,    0,   -1,    0,   -2,    30.000
      10845.000,     -12060.000,   19,   32,    0,   -1,    0,   -1,    0,   -2,    30.000
      10875.000,     -12030.000,   20,   33,    0,   -1,    0,   -1,    0,   -2,    30.000
      10905.000,     -11940.000,   21,   36,    0,   -1,    0,   -1,    0,   -2,    30.000
      10935.000,     -11910.000,   22,   37,    0,   -1,    0,   -1,    0,   -2,    30.000
      10965.000,     -11910.000,   23,   37,    0,   -1,    0,   -1,    0,   -2,    30.000
      10995.000,     -11910.000,   24,   37,    0,   -1,    0,   -1,    0,   -2,    30.000
      11025.000,     -11850.000,   25,   39,    0,   -1,    0,   -1,    0,   -2,    30.000
      11055.000,     -11850.000,   26,   39,    0,   -1,    0,   -1,    0,   -2,    30.000
      11085.000,     -11820.000,   27,   40,    0,   -1,    0,   -1,    0,   -2,    30.000
      11115.000,     -11820.000,   28,   40,    0,   -1,    0,   -1,    0,   -2,    30.000
      11145.000,     -11820.000,   29,   40,    0,   -1,    0,   -1,    0,   -2,    30.000
      11175.000,     -11790.000,   30,   41,    0,   -1,    0,   -1,    0,   -2,    30.000
      11205.000,     -11790.000,   31,   41,    0,   -1,    0,   -1,    0,   -2,    30.000
      11235.000,     -11760.000,   32,   42,    0,   -1,    0,   -1,    0,   -2,    30.000
      11265.000,     -11760.000,   33,   42,    0,   -1,    0,   -1,    0,   -2,    30.000
      11295.000,     -11760.000,   34,   42,    0,   -1,    0,   -1,    0,   -2,    30.000
      11325.000,     -11760.000,   35,   42,    0,   -1,    0,   -1,    0,   -2,    30.000
      11355.000,     -11760.000,   36,   42,    0,   -1,    0,   -1,    0,   -2,    30.000
      11385.000,     -11730.000,   37,   43,    0,   -1,    0,   -1,    0,   -2,    30.000
      11415.000,     -11730.000,   38,   43,    0,   -1,    0,   -1,    0,   -2,    30.000
      11445.000,     -11730.000,   39,   43,    0,   -1,    0,   -1,    0,   -2,    30.000
      11475.000,     -11730.000,   40,   43,    0,   -1,    0,   -1,    0,   -2,    30.000
      11505.000,     -11640.000,   41,   46,    0,   -1,    0,   -1,    0,   -2,    30.000
      11535.000,     -11640.000,   42,   46,    0,   -1,    0,   -1,    0,   -2,    30.000
      11565.000,     -11580.000,   43,   48,    0,   -1,    0,   -1,    0,   -2,    30.000
      11595.000,     -11550.000,   44,   49,    0,   -1,    0,   -1,    0,   -2,    30.000
      11625.000,     -11520.000,   45,   50,    0,   -1,    0,   -1,    0,   -2,    30.000
      11655.000,     -11490.000,   46,   51,    0,   -1,    0,   -1,    0,   -2,    30.000
      11685.000,     -11460.000,   47,   52,    0,   -1,    0,   -1,    0,   -2,    30.000
      11715.000,     -11430.000,   48,   53,    0,   -1,    0,   -1,    0,   -2,    30.000
      11745.000,     -11400.000,   49,   54,    0,   -1,    0,   -1,    0,   -2,    30.000
      11775.000,     -11370.000,   50,   55,    0,   -1,    0,   -1,    0,   -2,    30.000
      11805.000,     -11340.000,   51,   56,    0,   -1,    0,   -1,    0,   -2,    30.000
      11835.000,     -11340.000,   52,   56,    0,   -1,    0,   -1,    0,   -2,    30.000
      11865.000,     -11310.000,   53,   57,    0,   -1,    0,   -1,    0,   -2,    30.000
      11895.000,     -11310.000,   54,   57,    0,   -1,    0,   -1,    0,   -2,    30.000
      14595.000,     -11310.000,  144,   57,    0,   -1,    0,   -1,    0,   -2,    30.000
      11925.000,     -11280.000,   55,   58,    0,   -1,    0,   -1,    0,   -2,    30.000
      14535.000,     -11280.000,  142,   58,    0,   -1,    0,   -1,    0,   -2,    30.000
      14565.000,     -11280.000,  143,   58,    0,   -1,    0,   -1,    0,   -2,    30.000
      11955.000,     -11190.000,   56,   61,    0,   -1,    0,   -1,    0,   -2,    30.000
      14445.000,     -11190.000,  139,   61,    0,   -1,    0,   -1,    0,   -2,    30.000
      14475.000,     -11190.000,  140,   61,    0,   -1,    0,   -1,    0,   -2,    30.000
      14505.000,     -11190.000,  141,   61,    0,   -1,    0,   -1,    0,   -2,    30.000
      11985.000,     -11160.000,   57,   62,    0,   -1,    0,   -1,    0,   -2,    30.000
      12015.000,     -11160.000,   58,   62,    0,   -1,    0,   -1,    0,   -2,    30.000
      14415.000,     -11160.000,  138,   62,    0,   -1,    0,   -1,    0,   -2,    30.000
      12045.000,     -11130.000,   59,   63,    0,   -1,    0,   -1,    0,   -2,    30.000
      12075.000,     -11100.000,   60,   64,    0,   -1,    0,   -1,    0,   -2,    30.000
      12105.000,     -11100.000,   61,   64,    0,   -1,    0,   -1,    0,   -2,    30.000
      12135.000,     -11070.000,   62,   65,    0,   -1,    0,   -1,    0,   -2,    30.000
      12165.000,     -11070.000,   63,   65,    0,   -1,    0,   -1,    0,   -2,    30.000
      12195.000,     -11070.000,   64,   65,    0,   -1,    0,   -1,    0,   -2,    30.000
      12225.000,     -11010.000,   65,   67,    0,   -1,    0,   -1,    0,   -2,    30.000
      12255.000,     -11010.000,   66,   67,    0,   -1,    0,   -1,    0,   -2,    30.000
      12285.000,     -11010.000,   67,   67,    0,   -1,    0,   -1,    0,   -2,    30.000
      12315.000,     -11010.000,   68,   67,    0,   -1,    0,   -1,    0,   -2,    30.000
      12345.000,     -11010.000,   69,   67,    0,   -1,    0,   -1,    0,   -2,    30.000
      12375.000,     -10710.000,   70,   77,    0,   -1,    0,   -1,    0,   -2,    30.000
      14445.000,     -10710.000,  139,   77,    0,   -1,    0,   -1,    0,   -2,    30.000
      14475.000,     -10500.000,  140,   84,    0,   -1,    0,   -1,    0,   -2,    30.000
      14265.000,     -10320.000,  133,   90,    0,   -1,    0,   -1,    0,   -2,    30.000
      14295.000,     -10320.000,  134,   90,    0,   -1,    0,   -1,    0,   -2,    30.000
      14325.000,     -10320.000,  135,   90,    0,   -1,    0,   -1,    0,   -2,    30.000
      14355.000,     -10320.000,  136,   90,    0,   -1,    0,   -1,    0,   -2,    30.000
      14385.000,     -10320.000,  137,   90,    0,   -1,    0,   -1,    0,   -2,    30.000
      14415.000,     -10320.000,  138,   90,    0,   -1,    0,   -1,    0,   -2,    30.000
      14445.000,     -10320.000,  139,   90,    0,   -1,    0,   -1,    0,   -2,    30.000
      14175.000,     -10290.000,  130,   91,    0,   -1,    0,   -1,    0,   -2,    30.000
      14205.000,     -10290.000,  131,   91,    0,   -1,    0,   -1,    0,   -2,    30.000
      14235.000,     -10290.000,  132,   91,    0,   -1,    0,   -1,    0,   -2,    30.000
      14085.000,     -10260.000,  127,   92,    0,   -1,    0,   -1,    0,   -2,    30.000
      14115.000,     -10260.000,  128,   92,    0,   -1,    0,   -1,    0,   -2,    30.000
      14145.000,     -10260.000,  129,   92,    0,   -1,    0,   -1,    0,   -2,    30.000
      13995.000,     -10230.000,  124,   93,    0,   -1,    0,   -1,    0,   -2,    30.000
      14025.000,     -10230.000,  125,   93,    0,   -1,    0,   -1,    0,   -2,    30.000
      14055.000,     -10230.000,  126,   93,    0,   -1,    0,   -1,    0,   -2,    30.000
      13935.000,     -10200.000,  122,   94,    0,   -1,    0,   -1,    0,   -2,    30.000
      13965.000,     -10200.000,  123,   94,    0,   -1,    0,   -1,    0,   -2,    30.000
      13905.000,      -9900.000,  121,  104,    0,   -1,    0,   -1,    0,   -2,    30.000
      13935.000,      -9900.000,  122,  104,    0,   -1,    0,   -1,    0,   -2,    30.000
      13875.000,      -9870.000,  120,  105,    0,   -1,    0,   -1,    0,   -2,    30.000
      13845.000,      -9780.000,  119,  108,    0,   -1,    0,   -1,    0,   -2,    30.000
      13815.000,      -9750.000,  118,  109,    0,   -1,    0,   -1,    0,   -2,    30.000
      13845.000,      -9630.000,  119,  113,    0,   -1,    0,   -1,    0,   -2,    30.000
      13815.000,      -9510.000,  118,  117,    0,   -1,    0,   -1,    0,   -2,    30.000
      13785.000,      -9480.000,  117,  118,    0,   -1,    0,   -1,    0,   -2,    30.000
      11745.000,      -9360.000,   49,  122,    0,   -1,    0,   -1,    0,   -2,    30.000
      12915.000,      -9360.000,   88,  122,    0,   -1,    0,   -1,    0,   -2,    30.000
      12945.000,      -9360.000,   89,  122,    0,   -1,    0,   -1,    0,   -2,    30.000
      12975.000,      -9360.000,   90,  122,    0,   -1,    0,   -1,    0,   -2,    30.000
      13725.000,      -9360.000,  115,  122,    0,   -1,    0,   -1,    0,   -2,    30.000
      13755.000,      -9360.000,  116,  122,    0,   -1,    0,   -1,    0,   -2,    30.000
      12885.000,      -9330.000,   87,  123,    0,   -1,    0,   -1,    0,   -2,    30.000
      13275.000,      -9330.000,  100,  123,    0,   -1,    0,   -1,    0,   -2,    30.000
      13305.000,      -9330.000,  101,  123,    0,   -1,    0,   -1,    0,   -2,    30.000
      13335.000,      -9330.000,  102,  123,    0,   -1,    0,   -1,    0,   -2,    30.000
      13365.000,      -9330.000,  103,  123,    0,   -1,    0,   -1,    0,   -2,    30.000
      13395.000,      -9330.000,  104,  123,    0,   -1,    0,   -1,    0,   -2,    30.000
      13425.000,      -9330.000,  105,  123,    0,   -1,    0,   -1,    0,   -2,    30.000
      13455.000,      -9330.000,  106,  123,    0,   -1,    0,   -1,    0,   -2,    30.000
      13485.000,      -9330.000,  107,  123,    0,   -1,    0,   -1,    0,   -2,    30.000
      13665.000,      -9330.000,  113,  123,    0,   -1,    0,   -1,    0,   -2,    30.000
      13695.000,      -9330.000,  114,  123,    0,   -1,    0,   -1,    0,   -2,    30.000
      12735.000,      -9300.000,   82,  124,    0,   -1,    0,   -1,    0,   -2,    30.000
      12765.000,      -9300.000,   83,  124,    0,   -1,    0,   -1,    0,   -2,    30.000
      12795.000,      -9300.000,   84,  124,    0,   -1,    0,   -1,    0,   -2,    30.000
      12825.000,      -9300.000,   85,  124,    0,   -1,    0,   -1,    0,   -2,    30.000
      12855.000,      -9300.000,   86,  124,    0,   -1,    0,   -1,    0,   -2,    30.000
      13005.000,      -9300.000,   91,  124,    0,   -1,    0,   -1,    0,   -2,    30.000
      13035.000,      -9300.000,   92,  124,    0,   -1,    0,   -1,    0,   -2,    30.000
      13065.000,      -9300.000,   93,  124,    0,   -1,    0,   -1,    0,   -2,    30.000
      13095.000,      -9300.000,   94,  124,    0,   -1,    0,   -1,    0,   -2,    30.000
      13125.000,      -9300.000,   95,  124,    0,   -1,    0,   -1,    0,   -2,    30.000
      13155.000,      -9300.000,   96,  124,    0,   -1,    0,   -1,    0,   -2,    30.000
      13185.000,      -9300.000,   97,  124,    0,   -1,    0,   -1,    0,   -2,    30.000
      13245.000,      -9300.000,   99,  124,    0,   -1,    0,   -1,    0,   -2,    30.000
      13515.000,      -9300.000,  108,  124,    0,   -1,    0,   -1,    0,   -2,    30.000
      13545.000,      -9300.000,  109,  124,    0,   -1,    0,   -1,    0,   -2,    30.000
      12675.000,      -9270.000,   80,  125,    0,   -1,    0,   -1,    0,   -2,    30.000
      12705.000,      -9270.000,   81,  125,    0,   -1,    0,   -1,    0,   -2,    30.000
      13215.000,      -9270.000,   98,  125,    0,   -1,    0,   -1,    0,   -2,    30.000
      13575.000,      -9270.000,  110,  125,    0,   -1,    0,   -1,    0,   -2,    30.000
      13605.000,      -9270.000,  111,  125,    0,   -1,    0,   -1,    0,   -2,    30.000
      13635.000,      -9270.000,  112,  125,    0,   -1,    0,   -1,    0,   -2,    30.000
      12645.000,      -9240.000,   79,  126,    0,   -1,    0,   -1,    0,   -2,    30.000
      12615.000,      -9120.000,   78,  130,    0,   -1,    0,   -1,    0,   -2,    30.000
      12585.000,      -9090.000,   77,  131,    0,   -1,    0,   -1,    0,   -2,    30.000
      12585.000,      -8970.000,   77,  135,    0,   -1,    0,   -1,    0,   -2,    30.000
      12585.000,      -8850.000,   77,  139,    0,   -1,    0,   -1,    0,   -2,    30.000
      12525.000,      -8820.000,   75,  140,    0,   -1,    0,   -1,    0,   -2,    30.000
      12555.000,      -8820.000,   76,  140,    0,   -1,    0,   -1,    0,   -2,    30.000
      11685.000,      -8760.000,   47,  142,    0,   -1,    0,   -1,    0,   -2,    30.000
      12495.000,      -8760.000,   74,  142,    0,   -1,    0,   -1,    0,   -2,    30.000
      12465.000,      -8670.000,   73,  145,    0,   -1,    0,   -1,    0,   -2,    30.000
      12435.000,      -8640.000,   72,  146,    0,   -1,    0,   -1,    0,   -2,    30.000
      12405.000,      -8610.000,   71,  147,    0,   -1,    0,   -1,    0,   -2,    30.000
      11655.000,      -8580.000,   46,  148,    0,   -1,    0,   -1,    0,   -2,    30.000
      12345.000,      -8580.000,   69,  148,    0,   -1,    0,   -1,    0,   -2,    30.000
      12375.000,      -8580.000,   70,  148,    0,   -1,    0,   -1,    0,   -2,    30.000
      12315.000,      -8520.000,   68,  150,    0,   -1,    0,   -1,    0,   -2,    30.000
      12285.000,      -8460.000,   67,  152,    0,   -1,    0,   -1,    0,   -2,    30.000
      12255.000,      -8370.000,   66,  155,    0,   -1,    0,   -1,    0,   -2,    30.000
      12225.000,      -8310.000,   65,  157,    0,   -1,    0,   -1,    0,   -2,    30.000
      12195.000,      -8190.000,   64,  161,    0,   -1,    0,   -1,    0,   -2,    30.000
      12165.000,      -8040.000,   63,  166,    0,   -1,    0,   -1,    0,   -2,    30.000
      12195.000,      -7860.000,   64,  172,    0,   -1,    0,   -1,    0,   -2,    30.000
      12165.000,      -7830.000,   63,  173,    0,   -1,    0,   -1,    0,   -2,    30.000
      12135.000,      -7770.000,   62,  175,    0,   -1,    0,   -1,    0,   -2,    30.000
      11265.000,      -7680.000,   33,  178,    0,   -1,    0,   -1,    0,   -2,    30.000
      11295.000,      -7650.000,   34,  179,    0,   -1,    0,   -1,    0,   -2,    30.000
      11325.000,      -7590.000,   35,  181,    0,   -1,    0,   -1,    0,   -2,    30.000
      12165.000,      -7530.000,   63,  183,    0,   -1,    0,   -1,    0,   -2,    30.000
      12135.000,      -7500.000,   62,  184,    0,   -1,    0,   -1,    0,   -2,    30.000
      12105.000,      -7410.000,   61,  187,    0,   -1,    0,   -1,    0,   -2,    30.000
      11295.000,      -7230.000,   34,  193,    0,   -1,    0,   -1,    0,   -2,    30.000
      11295.000,      -7110.000,   34,  197,    0,   -1,    0,   -1,    0,   -2,    30.000
      11325.000,      -6930.000,   35,  203,    0,   -1,    0,   -1,    0,   -2,    30.000
      11355.000,      -6900.000,   36,  204,    0,   -1,    0,   -1,    0,   -2,    30.000
      11385.000,      -6870.000,   37,  205,    0,   -1,    0,   -1,    0,   -2,    30.000
      11415.000,      -6840.000,   38,  206,    0,   -1,    0,   -1,    0,   -2,    30.000
      11445.000,      -6810.000,   39,  207,    0,   -1,    0,   -1,    0,   -2,    30.000
      12135.000,      -6780.000,   62,  208,    0,   -1,    0,   -1,    0,   -2,    30.000
      11475.000,      -6720.000,   40,  210,    0,   -1,    0,   -1,    0,   -2,    30.000
      11505.000,      -6690.000,   41,  211,    0,   -1,    0,   -1,    0,   -2,    30.000
      11535.000,      -6660.000,   42,  212,    0,   -1,    0,   -1,    0,   -2,    30.000
      12135.000,      -6630.000,   62,  213,    0,   -1,    0,   -1,    0,   -2,    30.000
      11565.000,      -6600.000,   43,  214,    0,   -1,    0,   -1,    0,   -2,    30.000
      12105.000,      -6600.000,   61,  214,    0,   -1,    0,   -1,    0,   -2,    30.000
      11595.000,      -6480.000,   44,  218,    0,   -1,    0,   -1,    0,   -2,    30.000
      11625.000,      -6330.000,   45,  223,    0,   -1,    0,   -1,    0,   -2,    30.000
      12075.000,      -6240.000,   60,  226,    0,   -1,    0,   -1,    0,   -2,    30.000
      12045.000,      -6210.000,   59,  227,    0,   -1,    0,   -1,    0,   -2,    30.000
      11535.000,      -5910.000,   42,  237,    0,   -1,    0,   -1,    0,   -2,    30.000
      11565.000,      -5880.000,   43,  238,    0,   -1,    0,   -1,    0,   -2,    30.000
      11595.000,      -5850.000,   44,  239,    0,   -1,    0,   -1,    0,   -2,    30.000
      11625.000,      -5820.000,   45,  240,    0,   -1,    0,   -1,    0,   -2,    30.000
      12255.000,      -5460.000,   66,  252,    0,   -1,    0,   -1,    0,   -2,    30.000
      11595.000,      -5340.000,   44,  256,    0,   -1,    0,   -1,    0,   -2,    30.000
      11625.000,      -5310.000,   45,  257,    0,   -1,    0,   -1,    0,   -2,    30.000
      11655.000,      -5280.000,   46,  258,    0,   -1,    0,   -1,    0,   -2,    30.000
      11685.000,      -5130.000,   47,  263,    0,   -1,    0,   -1,    0,   -2,    30.000
      11715.000,      -5100.000,   48,  264,    0,   -1,    0,   -1,    0,   -2,    30.000
      11745.000,      -5100.000,   49,  264,    0,   -1,    0,   -1,    0,   -2,    30.000
      11775.000,      -5100.000,   50,  264,    0,   -1,    0,   -1,    0,   -2,    30.000
      11805.000,      -5070.000,   51,  265,    0,   -1,    0,   -1,    0,   -2,    30.000
      11835.000,      -5040.000,   52,  266,    0,   -1,    0,   -1,    0,   -2,    30.000
      11865.000,      -5040.000,   53,  266,    0,   -1,    0,   -1,    0,   -2,    30.000
      11895.000,      -5040.000,   54,  266,    0,   -1,    0,   -1,    0,   -2,    30.000
      12285.000,      -5010.000,   67,  267,    0,   -1,    0,   -1,    0,   -2,    30.000
      11925.000,      -4980.000,   55,  268,    0,   -1,    0,   -1,    0,   -2,    30.000
      11955.000,      -4950.000,   56,  269,    0,   -1,    0,   -1,    0,   -2,    30.000
      11985.000,      -4890.000,   57,  271,    0,   -1,    0,   -1,    0,   -2,    30.000
      12015.000,      -4860.000,   58,  272,    0,   -1,    0,   -1,    0,   -2,    30.000
      12045.000,      -4830.000,   59,  273,    0,   -1,    0,   -1,    0,   -2,    30.000
      12075.000,      -4830.000,   60,  273,    0,   -1,    0,   -1,    0,   -2,    30.000
      12105.000,      -4770.000,   61,  275,    0,   -1,    0,   -1,    0,   -2,    30.000
      12135.000,      -4770.000,   62,  275,    0,   -1,    0,   -1,    0,   -2,    30.000
      12165.000,      -4740.000,   63,  276,    0,   -1,    0,   -1,    0,   -2,    30.000
      12195.000,      -4680.000,   64,  278,    0,   -1,    0,   -1,    0,   -2,    30.000
      12225.000,      -4650.000,   65,  279,    0,   -1,    0,   -1,    0,   -2,    30.000
      12255.000,      -4620.000,   66,  280,    0,   -1,    0,   -1,    0,   -2,    30.000
      12405.000,      -4620.000,   71,  280,    0,   -1,    0,   -1,    0,   -2,    30.000
      12285.000,      -4590.000,   67,  281,    0,   -1,    0,   -1,    0,   -2,    30.000
      12375.000,      -4590.000,   70,  281,    0,   -1,    0,   -1,    0,   -2,    30.000
      12315.000,      -4560.000,   68,  282,    0,   -1,    0,   -1,    0,   -2,    30.000
      12345.000,      -4560.000,   69,  282,    0,   -1,    0,   -1,    0,   -2,    30.000
