 x(s(i)),y(s(i)),s(i),i
    13215.00000,   -12825.00000,    4,    1
    13365.00000,   -12825.00000,    5,    2
    13215.00000,   -12795.00000,    6,    3
    13335.00000,   -12795.00000,    7,    4
    13215.00000,   -12765.00000,    9,    5
    13335.00000,   -12765.00000,   10,    6
    13455.00000,   -12765.00000,   11,    7
    13215.00000,   -12735.00000,   14,    8
    13335.00000,   -12735.00000,   15,    9
    13425.00000,   -12735.00000,   16,   10
    13485.00000,   -12735.00000,   17,   11
    13125.00000,   -12705.00000,   19,   12
    13215.00000,   -12705.00000,   20,   13
    13305.00000,   -12705.00000,   21,   14
    13395.00000,   -12705.00000,   22,   15
    12435.00000,   -12675.00000,   23,   16
    12465.00000,   -12675.00000,   24,   17
    12495.00000,   -12675.00000,   25,   18
    12525.00000,   -12675.00000,   26,   19
    13125.00000,   -12675.00000,   28,   20
    13215.00000,   -12675.00000,   29,   21
    13305.00000,   -12675.00000,   30,   22
    13365.00000,   -12675.00000,   31,   23
    12405.00000,   -12645.00000,   33,   24
    12855.00000,   -12645.00000,   34,   25
    13125.00000,   -12645.00000,   35,   26
    13215.00000,   -12645.00000,   36,   27
    13305.00000,   -12645.00000,   37,   28
    13335.00000,   -12645.00000,   38,   29
    13965.00000,   -12645.00000,   40,   30
    12045.00000,   -12615.00000,   43,   31
    12075.00000,   -12615.00000,   44,   32
    12105.00000,   -12615.00000,   45,   33
    12135.00000,   -12615.00000,   46,   34
    12375.00000,   -12615.00000,   47,   35
    12795.00000,   -12615.00000,   49,   36
    12825.00000,   -12615.00000,   50,   37
    13155.00000,   -12615.00000,   51,   38
    13215.00000,   -12615.00000,   52,   39
    13275.00000,   -12615.00000,   53,   40
    13365.00000,   -12615.00000,   54,   41
    13785.00000,   -12615.00000,   57,   42
    13965.00000,   -12615.00000,   58,   43
    10425.00000,   -12585.00000,   59,   44
    11655.00000,   -12585.00000,   60,   45
    12165.00000,   -12585.00000,   61,   46
    12345.00000,   -12585.00000,   62,   47
    12645.00000,   -12585.00000,   63,   48
    12765.00000,   -12585.00000,   64,   49
    13155.00000,   -12585.00000,   65,   50
    13245.00000,   -12585.00000,   66,   51
    13395.00000,   -12585.00000,   67,   52
    13665.00000,   -12585.00000,   68,   53
    13785.00000,   -12585.00000,   69,   54
    13935.00000,   -12585.00000,   70,   55
    10455.00000,   -12555.00000,   71,   56
    11385.00000,   -12555.00000,   73,   57
    11415.00000,   -12555.00000,   74,   58
    11445.00000,   -12555.00000,   75,   59
    11475.00000,   -12555.00000,   76,   60
    11505.00000,   -12555.00000,   77,   61
    11625.00000,   -12555.00000,   78,   62
    11685.00000,   -12555.00000,   79,   63
    11715.00000,   -12555.00000,   80,   64
    11745.00000,   -12555.00000,   81,   65
    12195.00000,   -12555.00000,   82,   66
    12315.00000,   -12555.00000,   83,   67
    12615.00000,   -12555.00000,   84,   68
    12735.00000,   -12555.00000,   85,   69
    13155.00000,   -12555.00000,   87,   70
    13215.00000,   -12555.00000,   88,   71
    13665.00000,   -12555.00000,   91,   72
    13785.00000,   -12555.00000,   92,   73
    13905.00000,   -12555.00000,   93,   74
    10485.00000,   -12525.00000,   95,   75
    11535.00000,   -12525.00000,   96,   76
    11565.00000,   -12525.00000,   97,   77
    11595.00000,   -12525.00000,   98,   78
    11775.00000,   -12525.00000,   99,   79
    11805.00000,   -12525.00000,  100,   80
    11835.00000,   -12525.00000,  101,   81
    11865.00000,   -12525.00000,  102,   82
    11895.00000,   -12525.00000,  103,   83
    11925.00000,   -12525.00000,  104,   84
    12225.00000,   -12525.00000,  105,   85
    12315.00000,   -12525.00000,  106,   86
    12585.00000,   -12525.00000,  108,   87
    12675.00000,   -12525.00000,  109,   88
    12705.00000,   -12525.00000,  110,   89
    13035.00000,   -12525.00000,  111,   90
    13155.00000,   -12525.00000,  112,   91
    13215.00000,   -12525.00000,  113,   92
    13665.00000,   -12525.00000,  114,   93
    13785.00000,   -12525.00000,  115,   94
    13905.00000,   -12525.00000,  116,   95
    14055.00000,   -12525.00000,  117,   96
    10515.00000,   -12495.00000,  118,   97
    11955.00000,   -12495.00000,  119,   98
    11985.00000,   -12495.00000,  120,   99
    12015.00000,   -12495.00000,  121,  100
    12045.00000,   -12495.00000,  122,  101
    12075.00000,   -12495.00000,  123,  102
    12105.00000,   -12495.00000,  124,  103
    12135.00000,   -12495.00000,  125,  104
    12165.00000,   -12495.00000,  126,  105
    12225.00000,   -12495.00000,  127,  106
    12285.00000,   -12495.00000,  128,  107
    12465.00000,   -12495.00000,  129,  108
    12555.00000,   -12495.00000,  130,  109
    12615.00000,   -12495.00000,  131,  110
    12645.00000,   -12495.00000,  132,  111
    13065.00000,   -12495.00000,  134,  112
    13185.00000,   -12495.00000,  135,  113
    13695.00000,   -12495.00000,  136,  114
    13785.00000,   -12495.00000,  137,  115
    13875.00000,   -12495.00000,  138,  116
    13965.00000,   -12495.00000,  139,  117
    13995.00000,   -12495.00000,  140,  118
    14025.00000,   -12495.00000,  141,  119
    10545.00000,   -12465.00000,  142,  120
    12195.00000,   -12465.00000,  146,  121
    12225.00000,   -12465.00000,  147,  122
    12255.00000,   -12465.00000,  148,  123
    12285.00000,   -12465.00000,  149,  124
    12435.00000,   -12465.00000,  150,  125
    12555.00000,   -12465.00000,  151,  126
    12585.00000,   -12465.00000,  152,  127
    12915.00000,   -12465.00000,  153,  128
    13065.00000,   -12465.00000,  154,  129
    13155.00000,   -12465.00000,  155,  130
    13725.00000,   -12465.00000,  156,  131
    13785.00000,   -12465.00000,  157,  132
    13845.00000,   -12465.00000,  158,  133
    13935.00000,   -12465.00000,  159,  134
    10545.00000,   -12435.00000,  160,  135
    10575.00000,   -12435.00000,  161,  136
    10995.00000,   -12435.00000,  164,  137
    11145.00000,   -12435.00000,  165,  138
    11265.00000,   -12435.00000,  166,  139
    11805.00000,   -12435.00000,  168,  140
    12315.00000,   -12435.00000,  169,  141
    12465.00000,   -12435.00000,  170,  142
    12495.00000,   -12435.00000,  171,  143
    12525.00000,   -12435.00000,  172,  144
    12915.00000,   -12435.00000,  173,  145
    13065.00000,   -12435.00000,  174,  146
    13125.00000,   -12435.00000,  175,  147
    13725.00000,   -12435.00000,  176,  148
    13815.00000,   -12435.00000,  177,  149
    13845.00000,   -12435.00000,  178,  150
    13905.00000,   -12435.00000,  179,  151
    10605.00000,   -12405.00000,  180,  152
    10755.00000,   -12405.00000,  181,  153
    10785.00000,   -12405.00000,  182,  154
    10845.00000,   -12405.00000,  183,  155
    10995.00000,   -12405.00000,  184,  156
    11175.00000,   -12405.00000,  185,  157
    11295.00000,   -12405.00000,  186,  158
    11835.00000,   -12405.00000,  187,  159
    12315.00000,   -12405.00000,  188,  160
    12435.00000,   -12405.00000,  189,  161
    12465.00000,   -12405.00000,  190,  162
    12915.00000,   -12405.00000,  191,  163
    13095.00000,   -12405.00000,  192,  164
    13125.00000,   -12405.00000,  193,  165
    13755.00000,   -12405.00000,  196,  166
    13815.00000,   -12405.00000,  197,  167
    13845.00000,   -12405.00000,  198,  168
    13875.00000,   -12405.00000,  199,  169
    10545.00000,   -12375.00000,  200,  170
    10575.00000,   -12375.00000,  201,  171
    10605.00000,   -12375.00000,  202,  172
    10815.00000,   -12375.00000,  203,  173
    11025.00000,   -12375.00000,  204,  174
    11205.00000,   -12375.00000,  205,  175
    11235.00000,   -12375.00000,  206,  176
    11265.00000,   -12375.00000,  207,  177
    11295.00000,   -12375.00000,  208,  178
    11325.00000,   -12375.00000,  209,  179
    11865.00000,   -12375.00000,  212,  180
    12315.00000,   -12375.00000,  214,  181
    12405.00000,   -12375.00000,  215,  182
    12885.00000,   -12375.00000,  216,  183
    13095.00000,   -12375.00000,  217,  184
    13365.00000,   -12375.00000,  218,  185
    13635.00000,   -12375.00000,  219,  186
    13785.00000,   -12375.00000,  220,  187
    13845.00000,   -12375.00000,  221,  188
    10515.00000,   -12345.00000,  223,  189
    10635.00000,   -12345.00000,  224,  190
    10845.00000,   -12345.00000,  225,  191
    11025.00000,   -12345.00000,  226,  192
    11355.00000,   -12345.00000,  227,  193
    11445.00000,   -12345.00000,  228,  194
    11655.00000,   -12345.00000,  229,  195
    11895.00000,   -12345.00000,  230,  196
    12105.00000,   -12345.00000,  231,  197
    12315.00000,   -12345.00000,  232,  198
    12405.00000,   -12345.00000,  233,  199
    12855.00000,   -12345.00000,  234,  200
    13125.00000,   -12345.00000,  235,  201
    13155.00000,   -12345.00000,  236,  202
    13335.00000,   -12345.00000,  238,  203
    13665.00000,   -12345.00000,  239,  204
    13845.00000,   -12345.00000,  240,  205
    10665.00000,   -12315.00000,  241,  206
    10695.00000,   -12315.00000,  242,  207
    10875.00000,   -12315.00000,  243,  208
    11055.00000,   -12315.00000,  244,  209
    11385.00000,   -12315.00000,  245,  210
    11415.00000,   -12315.00000,  246,  211
    11445.00000,   -12315.00000,  247,  212
    11685.00000,   -12315.00000,  248,  213
    11925.00000,   -12315.00000,  249,  214
    12135.00000,   -12315.00000,  250,  215
    12315.00000,   -12315.00000,  251,  216
    12375.00000,   -12315.00000,  252,  217
    12855.00000,   -12315.00000,  254,  218
    13125.00000,   -12315.00000,  255,  219
    13185.00000,   -12315.00000,  256,  220
    13305.00000,   -12315.00000,  257,  221
    13695.00000,   -12315.00000,  258,  222
    13845.00000,   -12315.00000,  259,  223
    10725.00000,   -12285.00000,  261,  224
    10905.00000,   -12285.00000,  262,  225
    11055.00000,   -12285.00000,  263,  226
    11475.00000,   -12285.00000,  264,  227
    11505.00000,   -12285.00000,  265,  228
    11715.00000,   -12285.00000,  266,  229
    11925.00000,   -12285.00000,  267,  230
    12135.00000,   -12285.00000,  268,  231
    12345.00000,   -12285.00000,  269,  232
    12375.00000,   -12285.00000,  270,  233
    12855.00000,   -12285.00000,  272,  234
    13125.00000,   -12285.00000,  273,  235
    13275.00000,   -12285.00000,  274,  236
    13725.00000,   -12285.00000,  276,  237
    13845.00000,   -12285.00000,  277,  238
    13875.00000,   -12285.00000,  278,  239
    13905.00000,   -12285.00000,  279,  240
    13935.00000,   -12285.00000,  280,  241
    13965.00000,   -12285.00000,  281,  242
    13995.00000,   -12285.00000,  282,  243
    10755.00000,   -12255.00000,  283,  244
    10905.00000,   -12255.00000,  284,  245
    11055.00000,   -12255.00000,  285,  246
    11535.00000,   -12255.00000,  286,  247
    11565.00000,   -12255.00000,  287,  248
    11715.00000,   -12255.00000,  288,  249
    11955.00000,   -12255.00000,  289,  250
    12165.00000,   -12255.00000,  290,  251
    12375.00000,   -12255.00000,  291,  252
    12765.00000,   -12255.00000,  292,  253
    12855.00000,   -12255.00000,  293,  254
    13125.00000,   -12255.00000,  295,  255
    13275.00000,   -12255.00000,  296,  256
    13365.00000,   -12255.00000,  297,  257
    13755.00000,   -12255.00000,  299,  258
    13845.00000,   -12255.00000,  300,  259
    10785.00000,   -12225.00000,  301,  260
    10935.00000,   -12225.00000,  302,  261
    11055.00000,   -12225.00000,  303,  262
    11595.00000,   -12225.00000,  304,  263
    11625.00000,   -12225.00000,  305,  264
    11655.00000,   -12225.00000,  306,  265
    11685.00000,   -12225.00000,  307,  266
    11715.00000,   -12225.00000,  308,  267
    11745.00000,   -12225.00000,  309,  268
    11775.00000,   -12225.00000,  310,  269
    11985.00000,   -12225.00000,  311,  270
    12195.00000,   -12225.00000,  312,  271
    12375.00000,   -12225.00000,  313,  272
    12795.00000,   -12225.00000,  315,  273
    12855.00000,   -12225.00000,  316,  274
    13005.00000,   -12225.00000,  317,  275
    13125.00000,   -12225.00000,  318,  276
    13275.00000,   -12225.00000,  319,  277
    13365.00000,   -12225.00000,  320,  278
    13575.00000,   -12225.00000,  321,  279
    13785.00000,   -12225.00000,  322,  280
    13845.00000,   -12225.00000,  323,  281
    13875.00000,   -12225.00000,  324,  282
    10815.00000,   -12195.00000,  326,  283
    10845.00000,   -12195.00000,  327,  284
    10875.00000,   -12195.00000,  328,  285
    10905.00000,   -12195.00000,  329,  286
    10935.00000,   -12195.00000,  330,  287
    10965.00000,   -12195.00000,  331,  288
    11055.00000,   -12195.00000,  332,  289
    11805.00000,   -12195.00000,  333,  290
    11835.00000,   -12195.00000,  334,  291
    11865.00000,   -12195.00000,  335,  292
    12015.00000,   -12195.00000,  336,  293
    12225.00000,   -12195.00000,  337,  294
    12375.00000,   -12195.00000,  338,  295
    12405.00000,   -12195.00000,  339,  296
    12825.00000,   -12195.00000,  341,  297
    13005.00000,   -12195.00000,  342,  298
    13125.00000,   -12195.00000,  343,  299
    13245.00000,   -12195.00000,  344,  300
    13335.00000,   -12195.00000,  345,  301
    13605.00000,   -12195.00000,  346,  302
    13785.00000,   -12195.00000,  347,  303
    13845.00000,   -12195.00000,  348,  304
    10995.00000,   -12165.00000,  349,  305
    11055.00000,   -12165.00000,  350,  306
    11895.00000,   -12165.00000,  351,  307
    12045.00000,   -12165.00000,  352,  308
    12225.00000,   -12165.00000,  353,  309
    12405.00000,   -12165.00000,  354,  310
    12585.00000,   -12165.00000,  355,  311
    12825.00000,   -12165.00000,  356,  312
    13005.00000,   -12165.00000,  357,  313
    13095.00000,   -12165.00000,  358,  314
    13155.00000,   -12165.00000,  359,  315
    13245.00000,   -12165.00000,  360,  316
    13335.00000,   -12165.00000,  361,  317
    13635.00000,   -12165.00000,  362,  318
    13785.00000,   -12165.00000,  363,  319
    13815.00000,   -12165.00000,  364,  320
    11025.00000,   -12135.00000,  366,  321
    11925.00000,   -12135.00000,  367,  322
    12075.00000,   -12135.00000,  368,  323
    12255.00000,   -12135.00000,  369,  324
    12405.00000,   -12135.00000,  370,  325
    12555.00000,   -12135.00000,  371,  326
    12825.00000,   -12135.00000,  373,  327
    13035.00000,   -12135.00000,  374,  328
    13065.00000,   -12135.00000,  375,  329
    13185.00000,   -12135.00000,  376,  330
    13215.00000,   -12135.00000,  377,  331
    13245.00000,   -12135.00000,  378,  332
    13275.00000,   -12135.00000,  379,  333
    13305.00000,   -12135.00000,  380,  334
    13635.00000,   -12135.00000,  381,  335
    13785.00000,   -12135.00000,  382,  336
    14145.00000,   -12135.00000,  383,  337
    10995.00000,   -12105.00000,  385,  338
    11055.00000,   -12105.00000,  386,  339
    11085.00000,   -12105.00000,  387,  340
    11955.00000,   -12105.00000,  389,  341
    12075.00000,   -12105.00000,  390,  342
    12255.00000,   -12105.00000,  391,  343
    12435.00000,   -12105.00000,  392,  344
    12525.00000,   -12105.00000,  393,  345
    12735.00000,   -12105.00000,  394,  346
    12825.00000,   -12105.00000,  395,  347
    12975.00000,   -12105.00000,  396,  348
    13005.00000,   -12105.00000,  397,  349
    13665.00000,   -12105.00000,  398,  350
    13785.00000,   -12105.00000,  399,  351
    13815.00000,   -12105.00000,  400,  352
    13845.00000,   -12105.00000,  401,  353
    13875.00000,   -12105.00000,  402,  354
    13905.00000,   -12105.00000,  403,  355
    14175.00000,   -12105.00000,  405,  356
    11115.00000,   -12075.00000,  406,  357
    11295.00000,   -12075.00000,  407,  358
    11985.00000,   -12075.00000,  409,  359
    12075.00000,   -12075.00000,  410,  360
    12285.00000,   -12075.00000,  411,  361
    12465.00000,   -12075.00000,  412,  362
    12495.00000,   -12075.00000,  413,  363
    12735.00000,   -12075.00000,  414,  364
    12825.00000,   -12075.00000,  415,  365
    12915.00000,   -12075.00000,  416,  366
    12945.00000,   -12075.00000,  417,  367
    13695.00000,   -12075.00000,  418,  368
    13725.00000,   -12075.00000,  419,  369
    13785.00000,   -12075.00000,  420,  370
    14205.00000,   -12075.00000,  421,  371
    11145.00000,   -12045.00000,  423,  372
    11295.00000,   -12045.00000,  424,  373
    11565.00000,   -12045.00000,  426,  374
    11985.00000,   -12045.00000,  427,  375
    12105.00000,   -12045.00000,  428,  376
    12285.00000,   -12045.00000,  429,  377
    12465.00000,   -12045.00000,  430,  378
    12735.00000,   -12045.00000,  432,  379
    12855.00000,   -12045.00000,  433,  380
    12885.00000,   -12045.00000,  434,  381
    13755.00000,   -12045.00000,  436,  382
    13785.00000,   -12045.00000,  437,  383
    14205.00000,   -12045.00000,  438,  384
    14295.00000,   -12045.00000,  439,  385
    11175.00000,   -12015.00000,  440,  386
    11325.00000,   -12015.00000,  441,  387
    11595.00000,   -12015.00000,  442,  388
    11985.00000,   -12015.00000,  444,  389
    12105.00000,   -12015.00000,  445,  390
    12285.00000,   -12015.00000,  447,  391
    12435.00000,   -12015.00000,  448,  392
    12705.00000,   -12015.00000,  449,  393
    12765.00000,   -12015.00000,  450,  394
    12795.00000,   -12015.00000,  451,  395
    12825.00000,   -12015.00000,  452,  396
    13425.00000,   -12015.00000,  454,  397
    13755.00000,   -12015.00000,  455,  398
    13785.00000,   -12015.00000,  456,  399
    14235.00000,   -12015.00000,  458,  400
    14265.00000,   -12015.00000,  459,  401
    11055.00000,   -11985.00000,  460,  402
    11085.00000,   -11985.00000,  461,  403
    11115.00000,   -11985.00000,  462,  404
    11145.00000,   -11985.00000,  463,  405
    11205.00000,   -11985.00000,  464,  406
    11355.00000,   -11985.00000,  465,  407
    11595.00000,   -11985.00000,  466,  408
    11775.00000,   -11985.00000,  468,  409
    11805.00000,   -11985.00000,  469,  410
    11985.00000,   -11985.00000,  470,  411
    12135.00000,   -11985.00000,  471,  412
    12195.00000,   -11985.00000,  472,  413
    12315.00000,   -11985.00000,  473,  414
    12435.00000,   -11985.00000,  474,  415
    12735.00000,   -11985.00000,  475,  416
    12885.00000,   -11985.00000,  476,  417
    12915.00000,   -11985.00000,  477,  418
    12945.00000,   -11985.00000,  478,  419
    12975.00000,   -11985.00000,  479,  420
    13005.00000,   -11985.00000,  480,  421
    13365.00000,   -11985.00000,  481,  422
    13395.00000,   -11985.00000,  482,  423
    13695.00000,   -11985.00000,  484,  424
    13725.00000,   -11985.00000,  485,  425
    13785.00000,   -11985.00000,  486,  426
    14115.00000,   -11985.00000,  488,  427
    14265.00000,   -11985.00000,  489,  428
    11175.00000,   -11955.00000,  491,  429
    11235.00000,   -11955.00000,  492,  430
    11385.00000,   -11955.00000,  493,  431
    11625.00000,   -11955.00000,  495,  432
    11835.00000,   -11955.00000,  496,  433
    12015.00000,   -11955.00000,  497,  434
    12135.00000,   -11955.00000,  498,  435
    12195.00000,   -11955.00000,  499,  436
    12315.00000,   -11955.00000,  500,  437
    12435.00000,   -11955.00000,  501,  438
    12705.00000,   -11955.00000,  502,  439
    12855.00000,   -11955.00000,  503,  440
    13335.00000,   -11955.00000,  504,  441
    13785.00000,   -11955.00000,  505,  442
    13935.00000,   -11955.00000,  506,  443
    14115.00000,   -11955.00000,  507,  444
    14265.00000,   -11955.00000,  508,  445
    11265.00000,   -11925.00000,  511,  446
    11295.00000,   -11925.00000,  512,  447
    11415.00000,   -11925.00000,  513,  448
    11655.00000,   -11925.00000,  514,  449
    11865.00000,   -11925.00000,  515,  450
    12045.00000,   -11925.00000,  516,  451
    12075.00000,   -11925.00000,  517,  452
    12105.00000,   -11925.00000,  518,  453
    12165.00000,   -11925.00000,  519,  454
    12345.00000,   -11925.00000,  520,  455
    12435.00000,   -11925.00000,  521,  456
    12675.00000,   -11925.00000,  522,  457
    12855.00000,   -11925.00000,  523,  458
    13335.00000,   -11925.00000,  525,  459
    13395.00000,   -11925.00000,  526,  460
    13785.00000,   -11925.00000,  529,  461
    13875.00000,   -11925.00000,  530,  462
    13905.00000,   -11925.00000,  531,  463
    14115.00000,   -11925.00000,  532,  464
    14265.00000,   -11925.00000,  533,  465
    11325.00000,   -11895.00000,  535,  466
    11355.00000,   -11895.00000,  536,  467
    11385.00000,   -11895.00000,  537,  468
    11415.00000,   -11895.00000,  538,  469
    11445.00000,   -11895.00000,  539,  470
    11475.00000,   -11895.00000,  540,  471
    11505.00000,   -11895.00000,  541,  472
    11535.00000,   -11895.00000,  542,  473
    11565.00000,   -11895.00000,  543,  474
    11595.00000,   -11895.00000,  544,  475
    11625.00000,   -11895.00000,  545,  476
    11655.00000,   -11895.00000,  546,  477
    11895.00000,   -11895.00000,  547,  478
    11925.00000,   -11895.00000,  548,  479
    12135.00000,   -11895.00000,  549,  480
    12375.00000,   -11895.00000,  550,  481
    12435.00000,   -11895.00000,  551,  482
    12675.00000,   -11895.00000,  552,  483
    12825.00000,   -11895.00000,  553,  484
    13185.00000,   -11895.00000,  554,  485
    13305.00000,   -11895.00000,  555,  486
    13365.00000,   -11895.00000,  556,  487
    13695.00000,   -11895.00000,  557,  488
    13725.00000,   -11895.00000,  558,  489
    13755.00000,   -11895.00000,  559,  490
    13785.00000,   -11895.00000,  560,  491
    13845.00000,   -11895.00000,  561,  492
    14145.00000,   -11895.00000,  562,  493
    14265.00000,   -11895.00000,  563,  494
    14355.00000,   -11895.00000,  564,  495
    11475.00000,   -11865.00000,  566,  496
    11685.00000,   -11865.00000,  567,  497
    11955.00000,   -11865.00000,  568,  498
    12135.00000,   -11865.00000,  569,  499
    12375.00000,   -11865.00000,  570,  500
    12435.00000,   -11865.00000,  571,  501
    12645.00000,   -11865.00000,  573,  502
    12765.00000,   -11865.00000,  574,  503
    12795.00000,   -11865.00000,  575,  504
    13185.00000,   -11865.00000,  576,  505
    13275.00000,   -11865.00000,  577,  506
    13815.00000,   -11865.00000,  578,  507
    14145.00000,   -11865.00000,  579,  508
    14265.00000,   -11865.00000,  580,  509
    14355.00000,   -11865.00000,  581,  510
    11715.00000,   -11835.00000,  583,  511
    11985.00000,   -11835.00000,  584,  512
    12135.00000,   -11835.00000,  585,  513
    12405.00000,   -11835.00000,  587,  514
    12435.00000,   -11835.00000,  588,  515
    12615.00000,   -11835.00000,  589,  516
    12735.00000,   -11835.00000,  590,  517
    13185.00000,   -11835.00000,  591,  518
    13275.00000,   -11835.00000,  592,  519
    13785.00000,   -11835.00000,  594,  520
    14175.00000,   -11835.00000,  595,  521
    14265.00000,   -11835.00000,  596,  522
    14385.00000,   -11835.00000,  597,  523
    11745.00000,   -11805.00000,  598,  524
    11775.00000,   -11805.00000,  599,  525
    12015.00000,   -11805.00000,  600,  526
    12135.00000,   -11805.00000,  601,  527
    12315.00000,   -11805.00000,  602,  528
    12465.00000,   -11805.00000,  603,  529
    12615.00000,   -11805.00000,  604,  530
    12705.00000,   -11805.00000,  605,  531
    13185.00000,   -11805.00000,  608,  532
    13245.00000,   -11805.00000,  609,  533
    13365.00000,   -11805.00000,  610,  534
    13395.00000,   -11805.00000,  611,  535
    13785.00000,   -11805.00000,  612,  536
    14205.00000,   -11805.00000,  614,  537
    14295.00000,   -11805.00000,  615,  538
    14385.00000,   -11805.00000,  616,  539
    11805.00000,   -11775.00000,  617,  540
    12045.00000,   -11775.00000,  618,  541
    12165.00000,   -11775.00000,  619,  542
    12315.00000,   -11775.00000,  620,  543
    12465.00000,   -11775.00000,  621,  544
    12585.00000,   -11775.00000,  622,  545
    12675.00000,   -11775.00000,  623,  546
    12945.00000,   -11775.00000,  624,  547
    13155.00000,   -11775.00000,  625,  548
    13215.00000,   -11775.00000,  626,  549
    13245.00000,   -11775.00000,  627,  550
    13305.00000,   -11775.00000,  628,  551
    13335.00000,   -11775.00000,  629,  552
    13755.00000,   -11775.00000,  631,  553
    13815.00000,   -11775.00000,  632,  554
    13995.00000,   -11775.00000,  633,  555
    14205.00000,   -11775.00000,  634,  556
    14295.00000,   -11775.00000,  635,  557
    14385.00000,   -11775.00000,  636,  558
    11835.00000,   -11745.00000,  637,  559
    11865.00000,   -11745.00000,  638,  560
    11985.00000,   -11745.00000,  639,  561
    12075.00000,   -11745.00000,  640,  562
    12165.00000,   -11745.00000,  641,  563
    12315.00000,   -11745.00000,  642,  564
    12435.00000,   -11745.00000,  643,  565
    12585.00000,   -11745.00000,  644,  566
    12615.00000,   -11745.00000,  645,  567
    12645.00000,   -11745.00000,  646,  568
    12945.00000,   -11745.00000,  647,  569
    13185.00000,   -11745.00000,  648,  570
    13245.00000,   -11745.00000,  649,  571
    13275.00000,   -11745.00000,  650,  572
    13815.00000,   -11745.00000,  652,  573
    13995.00000,   -11745.00000,  653,  574
    14235.00000,   -11745.00000,  654,  575
    14295.00000,   -11745.00000,  655,  576
    14385.00000,   -11745.00000,  656,  577
    11895.00000,   -11715.00000,  657,  578
    11925.00000,   -11715.00000,  658,  579
    11955.00000,   -11715.00000,  659,  580
    12015.00000,   -11715.00000,  660,  581
    12105.00000,   -11715.00000,  661,  582
    12195.00000,   -11715.00000,  662,  583
    12345.00000,   -11715.00000,  663,  584
    12465.00000,   -11715.00000,  664,  585
    12555.00000,   -11715.00000,  665,  586
    12915.00000,   -11715.00000,  666,  587
    13215.00000,   -11715.00000,  667,  588
    13545.00000,   -11715.00000,  668,  589
    13815.00000,   -11715.00000,  669,  590
    13995.00000,   -11715.00000,  670,  591
    14265.00000,   -11715.00000,  672,  592
    14295.00000,   -11715.00000,  673,  593
    14385.00000,   -11715.00000,  674,  594
    12045.00000,   -11685.00000,  676,  595
    12135.00000,   -11685.00000,  677,  596
    12225.00000,   -11685.00000,  678,  597
    12345.00000,   -11685.00000,  679,  598
    12435.00000,   -11685.00000,  680,  599
    12555.00000,   -11685.00000,  681,  600
    12885.00000,   -11685.00000,  682,  601
    13185.00000,   -11685.00000,  683,  602
    13545.00000,   -11685.00000,  684,  603
    13815.00000,   -11685.00000,  685,  604
    13995.00000,   -11685.00000,  686,  605
    14115.00000,   -11685.00000,  687,  606
    14325.00000,   -11685.00000,  688,  607
    14385.00000,   -11685.00000,  689,  608
    11595.00000,   -11655.00000,  691,  609
    11745.00000,   -11655.00000,  693,  610
    12045.00000,   -11655.00000,  694,  611
    12165.00000,   -11655.00000,  695,  612
    12255.00000,   -11655.00000,  696,  613
    12375.00000,   -11655.00000,  697,  614
    12435.00000,   -11655.00000,  698,  615
    12525.00000,   -11655.00000,  699,  616
    12855.00000,   -11655.00000,  700,  617
    13155.00000,   -11655.00000,  701,  618
    13545.00000,   -11655.00000,  702,  619
    13815.00000,   -11655.00000,  703,  620
    13995.00000,   -11655.00000,  704,  621
    14115.00000,   -11655.00000,  705,  622
    14355.00000,   -11655.00000,  706,  623
    14415.00000,   -11655.00000,  707,  624
    11595.00000,   -11625.00000,  708,  625
    11775.00000,   -11625.00000,  709,  626
    12075.00000,   -11625.00000,  710,  627
    12165.00000,   -11625.00000,  711,  628
    12285.00000,   -11625.00000,  712,  629
    12405.00000,   -11625.00000,  713,  630
    12525.00000,   -11625.00000,  714,  631
    12855.00000,   -11625.00000,  716,  632
    13125.00000,   -11625.00000,  717,  633
    13515.00000,   -11625.00000,  718,  634
    13845.00000,   -11625.00000,  719,  635
    14025.00000,   -11625.00000,  720,  636
    14115.00000,   -11625.00000,  721,  637
    14385.00000,   -11625.00000,  722,  638
    11625.00000,   -11595.00000,  723,  639
    11805.00000,   -11595.00000,  724,  640
    12105.00000,   -11595.00000,  726,  641
    12165.00000,   -11595.00000,  727,  642
    12315.00000,   -11595.00000,  728,  643
    12405.00000,   -11595.00000,  729,  644
    12495.00000,   -11595.00000,  730,  645
    12645.00000,   -11595.00000,  731,  646
    12825.00000,   -11595.00000,  732,  647
    13125.00000,   -11595.00000,  733,  648
    13515.00000,   -11595.00000,  735,  649
    13845.00000,   -11595.00000,  736,  650
    14025.00000,   -11595.00000,  737,  651
    14115.00000,   -11595.00000,  738,  652
    14415.00000,   -11595.00000,  739,  653
    11655.00000,   -11565.00000,  740,  654
    11835.00000,   -11565.00000,  741,  655
    12105.00000,   -11565.00000,  742,  656
    12195.00000,   -11565.00000,  743,  657
    12345.00000,   -11565.00000,  744,  658
    12375.00000,   -11565.00000,  745,  659
    12435.00000,   -11565.00000,  746,  660
    12465.00000,   -11565.00000,  747,  661
    12615.00000,   -11565.00000,  748,  662
    12795.00000,   -11565.00000,  749,  663
    13125.00000,   -11565.00000,  751,  664
    13335.00000,   -11565.00000,  752,  665
    13515.00000,   -11565.00000,  753,  666
    13845.00000,   -11565.00000,  754,  667
    14025.00000,   -11565.00000,  755,  668
    14145.00000,   -11565.00000,  756,  669
    14415.00000,   -11565.00000,  757,  670
    11655.00000,   -11535.00000,  758,  671
    11835.00000,   -11535.00000,  759,  672
    12105.00000,   -11535.00000,  760,  673
    12225.00000,   -11535.00000,  761,  674
    12345.00000,   -11535.00000,  762,  675
    12405.00000,   -11535.00000,  763,  676
    12645.00000,   -11535.00000,  764,  677
    12765.00000,   -11535.00000,  765,  678
    13005.00000,   -11535.00000,  766,  679
    13125.00000,   -11535.00000,  767,  680
    13335.00000,   -11535.00000,  768,  681
    13515.00000,   -11535.00000,  769,  682
    13875.00000,   -11535.00000,  771,  683
    13995.00000,   -11535.00000,  772,  684
    14145.00000,   -11535.00000,  773,  685
    14415.00000,   -11535.00000,  775,  686
    11685.00000,   -11505.00000,  776,  687
    11865.00000,   -11505.00000,  777,  688
    12105.00000,   -11505.00000,  778,  689
    12255.00000,   -11505.00000,  779,  690
    12375.00000,   -11505.00000,  780,  691
    12645.00000,   -11505.00000,  781,  692
    12765.00000,   -11505.00000,  782,  693
    12975.00000,   -11505.00000,  783,  694
    13095.00000,   -11505.00000,  784,  695
    13305.00000,   -11505.00000,  785,  696
    13515.00000,   -11505.00000,  786,  697
    13755.00000,   -11505.00000,  787,  698
    13875.00000,   -11505.00000,  788,  699
    13965.00000,   -11505.00000,  789,  700
    14145.00000,   -11505.00000,  790,  701
    14205.00000,   -11505.00000,  791,  702
    14415.00000,   -11505.00000,  792,  703
    11715.00000,   -11475.00000,  793,  704
    11745.00000,   -11475.00000,  794,  705
    11895.00000,   -11475.00000,  795,  706
    12105.00000,   -11475.00000,  796,  707
    12255.00000,   -11475.00000,  797,  708
    12375.00000,   -11475.00000,  798,  709
    12645.00000,   -11475.00000,  799,  710
    12765.00000,   -11475.00000,  800,  711
    12945.00000,   -11475.00000,  802,  712
    13095.00000,   -11475.00000,  803,  713
    13275.00000,   -11475.00000,  804,  714
    13515.00000,   -11475.00000,  805,  715
    13785.00000,   -11475.00000,  806,  716
    13875.00000,   -11475.00000,  807,  717
    13935.00000,   -11475.00000,  808,  718
    14175.00000,   -11475.00000,  809,  719
    14445.00000,   -11475.00000,  811,  720
    11775.00000,   -11445.00000,  812,  721
    11895.00000,   -11445.00000,  813,  722
    12105.00000,   -11445.00000,  814,  723
    12285.00000,   -11445.00000,  815,  724
    12405.00000,   -11445.00000,  816,  725
    12675.00000,   -11445.00000,  818,  726
    12795.00000,   -11445.00000,  819,  727
    12945.00000,   -11445.00000,  820,  728
    13065.00000,   -11445.00000,  821,  729
    13275.00000,   -11445.00000,  822,  730
    13515.00000,   -11445.00000,  823,  731
    13785.00000,   -11445.00000,  825,  732
    13875.00000,   -11445.00000,  826,  733
    13905.00000,   -11445.00000,  827,  734
    14205.00000,   -11445.00000,  828,  735
    14295.00000,   -11445.00000,  829,  736
    14445.00000,   -11445.00000,  830,  737
    11805.00000,   -11415.00000,  831,  738
    11925.00000,   -11415.00000,  832,  739
    12135.00000,   -11415.00000,  833,  740
    12315.00000,   -11415.00000,  834,  741
    12345.00000,   -11415.00000,  835,  742
    12375.00000,   -11415.00000,  836,  743
    12405.00000,   -11415.00000,  837,  744
    12465.00000,   -11415.00000,  838,  745
    12705.00000,   -11415.00000,  839,  746
    12825.00000,   -11415.00000,  840,  747
    12945.00000,   -11415.00000,  841,  748
    13035.00000,   -11415.00000,  842,  749
    13245.00000,   -11415.00000,  843,  750
    13485.00000,   -11415.00000,  844,  751
    13695.00000,   -11415.00000,  845,  752
    13785.00000,   -11415.00000,  846,  753
    13875.00000,   -11415.00000,  847,  754
    14205.00000,   -11415.00000,  848,  755
    14295.00000,   -11415.00000,  849,  756
    14445.00000,   -11415.00000,  850,  757
    11835.00000,   -11385.00000,  851,  758
    11895.00000,   -11385.00000,  852,  759
    11955.00000,   -11385.00000,  853,  760
    11985.00000,   -11385.00000,  854,  761
    12015.00000,   -11385.00000,  855,  762
    12165.00000,   -11385.00000,  856,  763
    12195.00000,   -11385.00000,  857,  764
    12435.00000,   -11385.00000,  858,  765
    12705.00000,   -11385.00000,  859,  766
    12855.00000,   -11385.00000,  860,  767
    12915.00000,   -11385.00000,  861,  768
    13005.00000,   -11385.00000,  862,  769
    13215.00000,   -11385.00000,  863,  770
    13485.00000,   -11385.00000,  865,  771
    13695.00000,   -11385.00000,  866,  772
    13815.00000,   -11385.00000,  867,  773
    13905.00000,   -11385.00000,  868,  774
    14205.00000,   -11385.00000,  869,  775
    14295.00000,   -11385.00000,  870,  776
    14445.00000,   -11385.00000,  871,  777
    11865.00000,   -11355.00000,  872,  778
    12045.00000,   -11355.00000,  873,  779
    12225.00000,   -11355.00000,  874,  780
    12435.00000,   -11355.00000,  875,  781
    12735.00000,   -11355.00000,  876,  782
    12885.00000,   -11355.00000,  877,  783
    12975.00000,   -11355.00000,  878,  784
    13215.00000,   -11355.00000,  879,  785
    13335.00000,   -11355.00000,  880,  786
    13455.00000,   -11355.00000,  881,  787
    13725.00000,   -11355.00000,  883,  788
    13845.00000,   -11355.00000,  884,  789
    13905.00000,   -11355.00000,  885,  790
    14235.00000,   -11355.00000,  886,  791
    14325.00000,   -11355.00000,  887,  792
    14445.00000,   -11355.00000,  888,  793
    12075.00000,   -11325.00000,  889,  794
    12255.00000,   -11325.00000,  890,  795
    12465.00000,   -11325.00000,  891,  796
    12765.00000,   -11325.00000,  893,  797
    12885.00000,   -11325.00000,  894,  798
    12945.00000,   -11325.00000,  895,  799
    13185.00000,   -11325.00000,  897,  800
    13305.00000,   -11325.00000,  898,  801
    13425.00000,   -11325.00000,  899,  802
    13575.00000,   -11325.00000,  900,  803
    13725.00000,   -11325.00000,  901,  804
    13875.00000,   -11325.00000,  902,  805
    13905.00000,   -11325.00000,  903,  806
    14235.00000,   -11325.00000,  904,  807
    14325.00000,   -11325.00000,  905,  808
    14415.00000,   -11325.00000,  906,  809
    12075.00000,   -11295.00000,  907,  810
    12255.00000,   -11295.00000,  908,  811
    12465.00000,   -11295.00000,  909,  812
    12555.00000,   -11295.00000,  910,  813
    12765.00000,   -11295.00000,  911,  814
    12915.00000,   -11295.00000,  912,  815
    13125.00000,   -11295.00000,  913,  816
    13155.00000,   -11295.00000,  914,  817
    13275.00000,   -11295.00000,  915,  818
    13425.00000,   -11295.00000,  916,  819
    13545.00000,   -11295.00000,  917,  820
    13725.00000,   -11295.00000,  918,  821
    13875.00000,   -11295.00000,  919,  822
    14235.00000,   -11295.00000,  922,  823
    14325.00000,   -11295.00000,  923,  824
    14385.00000,   -11295.00000,  924,  825
    12075.00000,   -11265.00000,  925,  826
    12285.00000,   -11265.00000,  926,  827
    12495.00000,   -11265.00000,  927,  828
    12525.00000,   -11265.00000,  928,  829
    12795.00000,   -11265.00000,  929,  830
    12885.00000,   -11265.00000,  930,  831
    13125.00000,   -11265.00000,  931,  832
    13245.00000,   -11265.00000,  932,  833
    13395.00000,   -11265.00000,  933,  834
    13515.00000,   -11265.00000,  934,  835
    13725.00000,   -11265.00000,  935,  836
    13875.00000,   -11265.00000,  936,  837
    14055.00000,   -11265.00000,  937,  838
    14145.00000,   -11265.00000,  938,  839
    14235.00000,   -11265.00000,  939,  840
    14295.00000,   -11265.00000,  940,  841
    14355.00000,   -11265.00000,  941,  842
    12045.00000,   -11235.00000,  943,  843
    12075.00000,   -11235.00000,  944,  844
    12285.00000,   -11235.00000,  945,  845
    12525.00000,   -11235.00000,  946,  846
    12825.00000,   -11235.00000,  947,  847
    12885.00000,   -11235.00000,  948,  848
    13095.00000,   -11235.00000,  949,  849
    13245.00000,   -11235.00000,  950,  850
    13365.00000,   -11235.00000,  951,  851
    13455.00000,   -11235.00000,  952,  852
    13485.00000,   -11235.00000,  953,  853
    13725.00000,   -11235.00000,  954,  854
    13875.00000,   -11235.00000,  955,  855
    14055.00000,   -11235.00000,  956,  856
    14145.00000,   -11235.00000,  957,  857
    14205.00000,   -11235.00000,  958,  858
    14295.00000,   -11235.00000,  959,  859
    12075.00000,   -11205.00000,  960,  860
    12285.00000,   -11205.00000,  961,  861
    12525.00000,   -11205.00000,  962,  862
    12825.00000,   -11205.00000,  964,  863
    12885.00000,   -11205.00000,  965,  864
    13095.00000,   -11205.00000,  967,  865
    13215.00000,   -11205.00000,  968,  866
    13365.00000,   -11205.00000,  969,  867
    13425.00000,   -11205.00000,  970,  868
    13725.00000,   -11205.00000,  971,  869
    13875.00000,   -11205.00000,  972,  870
    14055.00000,   -11205.00000,  973,  871
    14175.00000,   -11205.00000,  974,  872
    14265.00000,   -11205.00000,  975,  873
    12105.00000,   -11175.00000,  976,  874
    12285.00000,   -11175.00000,  977,  875
    12555.00000,   -11175.00000,  978,  876
    12735.00000,   -11175.00000,  979,  877
    12855.00000,   -11175.00000,  980,  878
    13065.00000,   -11175.00000,  981,  879
    13185.00000,   -11175.00000,  982,  880
    13335.00000,   -11175.00000,  983,  881
    13425.00000,   -11175.00000,  984,  882
    13725.00000,   -11175.00000,  986,  883
    13845.00000,   -11175.00000,  987,  884
    14055.00000,   -11175.00000,  988,  885
    14145.00000,   -11175.00000,  989,  886
    14265.00000,   -11175.00000,  990,  887
    12135.00000,   -11145.00000,  991,  888
    12255.00000,   -11145.00000,  992,  889
    12585.00000,   -11145.00000,  993,  890
    12735.00000,   -11145.00000,  994,  891
    12855.00000,   -11145.00000,  995,  892
    13065.00000,   -11145.00000,  996,  893
    13185.00000,   -11145.00000,  997,  894
    13335.00000,   -11145.00000,  998,  895
    13425.00000,   -11145.00000,  999,  896
    13485.00000,   -11145.00000, 1000,  897
    13725.00000,   -11145.00000, 1001,  898
    13845.00000,   -11145.00000, 1002,  899
    14055.00000,   -11145.00000, 1003,  900
    14145.00000,   -11145.00000, 1004,  901
    14235.00000,   -11145.00000, 1005,  902
    12165.00000,   -11115.00000, 1006,  903
    12195.00000,   -11115.00000, 1007,  904
    12225.00000,   -11115.00000, 1008,  905
    12255.00000,   -11115.00000, 1009,  906
    12585.00000,   -11115.00000, 1010,  907
    12735.00000,   -11115.00000, 1011,  908
    12855.00000,   -11115.00000, 1012,  909
    13065.00000,   -11115.00000, 1013,  910
    13155.00000,   -11115.00000, 1014,  911
    13305.00000,   -11115.00000, 1015,  912
    13395.00000,   -11115.00000, 1016,  913
    13455.00000,   -11115.00000, 1017,  914
    13725.00000,   -11115.00000, 1019,  915
    13815.00000,   -11115.00000, 1020,  916
    14055.00000,   -11115.00000, 1021,  917
    14115.00000,   -11115.00000, 1022,  918
    14205.00000,   -11115.00000, 1023,  919
    12255.00000,   -11085.00000, 1024,  920
    12315.00000,   -11085.00000, 1025,  921
    12345.00000,   -11085.00000, 1026,  922
    12585.00000,   -11085.00000, 1027,  923
    12735.00000,   -11085.00000, 1028,  924
    12885.00000,   -11085.00000, 1029,  925
    13065.00000,   -11085.00000, 1031,  926
    13155.00000,   -11085.00000, 1032,  927
    13275.00000,   -11085.00000, 1033,  928
    13425.00000,   -11085.00000, 1034,  929
    13575.00000,   -11085.00000, 1035,  930
    13695.00000,   -11085.00000, 1036,  931
    13785.00000,   -11085.00000, 1037,  932
    14085.00000,   -11085.00000, 1039,  933
    14205.00000,   -11085.00000, 1040,  934
    12285.00000,   -11055.00000, 1041,  935
    12375.00000,   -11055.00000, 1042,  936
    12405.00000,   -11055.00000, 1043,  937
    12615.00000,   -11055.00000, 1044,  938
    12735.00000,   -11055.00000, 1045,  939
    12885.00000,   -11055.00000, 1046,  940
    12975.00000,   -11055.00000, 1047,  941
    13065.00000,   -11055.00000, 1048,  942
    13155.00000,   -11055.00000, 1049,  943
    13245.00000,   -11055.00000, 1050,  944
    13395.00000,   -11055.00000, 1051,  945
    13545.00000,   -11055.00000, 1052,  946
    13725.00000,   -11055.00000, 1053,  947
    13755.00000,   -11055.00000, 1054,  948
    13875.00000,   -11055.00000, 1055,  949
    14055.00000,   -11055.00000, 1056,  950
    14235.00000,   -11055.00000, 1057,  951
    12435.00000,   -11025.00000, 1058,  952
    12645.00000,   -11025.00000, 1059,  953
    12765.00000,   -11025.00000, 1060,  954
    12885.00000,   -11025.00000, 1061,  955
    12945.00000,   -11025.00000, 1062,  956
    13065.00000,   -11025.00000, 1063,  957
    13125.00000,   -11025.00000, 1064,  958
    13245.00000,   -11025.00000, 1065,  959
    13395.00000,   -11025.00000, 1066,  960
    13485.00000,   -11025.00000, 1067,  961
    13515.00000,   -11025.00000, 1068,  962
    13665.00000,   -11025.00000, 1069,  963
    13695.00000,   -11025.00000, 1070,  964
    13725.00000,   -11025.00000, 1071,  965
    13845.00000,   -11025.00000, 1072,  966
    14025.00000,   -11025.00000, 1073,  967
    14205.00000,   -11025.00000, 1074,  968
    14265.00000,   -11025.00000, 1075,  969
    12435.00000,   -10995.00000, 1077,  970
    12645.00000,   -10995.00000, 1078,  971
    12765.00000,   -10995.00000, 1079,  972
    12855.00000,   -10995.00000, 1080,  973
    12945.00000,   -10995.00000, 1081,  974
    13095.00000,   -10995.00000, 1082,  975
    13215.00000,   -10995.00000, 1083,  976
    13365.00000,   -10995.00000, 1084,  977
    13455.00000,   -10995.00000, 1085,  978
    13605.00000,   -10995.00000, 1086,  979
    13635.00000,   -10995.00000, 1087,  980
    13845.00000,   -10995.00000, 1088,  981
    13995.00000,   -10995.00000, 1089,  982
    14175.00000,   -10995.00000, 1090,  983
    12465.00000,   -10965.00000, 1091,  984
    12645.00000,   -10965.00000, 1092,  985
    12765.00000,   -10965.00000, 1093,  986
    12855.00000,   -10965.00000, 1094,  987
    12945.00000,   -10965.00000, 1095,  988
    13065.00000,   -10965.00000, 1096,  989
    13245.00000,   -10965.00000, 1097,  990
    13335.00000,   -10965.00000, 1098,  991
    13455.00000,   -10965.00000, 1099,  992
    13575.00000,   -10965.00000, 1100,  993
    13845.00000,   -10965.00000, 1101,  994
    13995.00000,   -10965.00000, 1102,  995
    14115.00000,   -10965.00000, 1103,  996
    14145.00000,   -10965.00000, 1104,  997
    12465.00000,   -10935.00000, 1105,  998
    12675.00000,   -10935.00000, 1106,  999
    12795.00000,   -10935.00000, 1107, 1000
    12855.00000,   -10935.00000, 1108, 1001
    12945.00000,   -10935.00000, 1109, 1002
    13065.00000,   -10935.00000, 1110, 1003
    13245.00000,   -10935.00000, 1111, 1004
    13275.00000,   -10935.00000, 1112, 1005
    13305.00000,   -10935.00000, 1113, 1006
    13455.00000,   -10935.00000, 1114, 1007
    13545.00000,   -10935.00000, 1115, 1008
    13845.00000,   -10935.00000, 1116, 1009
    13995.00000,   -10935.00000, 1117, 1010
    14085.00000,   -10935.00000, 1118, 1011
    12465.00000,   -10905.00000, 1119, 1012
    12705.00000,   -10905.00000, 1120, 1013
    12795.00000,   -10905.00000, 1121, 1014
    12855.00000,   -10905.00000, 1122, 1015
    12945.00000,   -10905.00000, 1123, 1016
    13065.00000,   -10905.00000, 1124, 1017
    13215.00000,   -10905.00000, 1125, 1018
    13485.00000,   -10905.00000, 1126, 1019
    13515.00000,   -10905.00000, 1127, 1020
    13815.00000,   -10905.00000, 1129, 1021
    13965.00000,   -10905.00000, 1130, 1022
    14085.00000,   -10905.00000, 1131, 1023
    14295.00000,   -10905.00000, 1132, 1024
    12465.00000,   -10875.00000, 1134, 1025
    12735.00000,   -10875.00000, 1135, 1026
    12765.00000,   -10875.00000, 1136, 1027
    12855.00000,   -10875.00000, 1137, 1028
    12915.00000,   -10875.00000, 1138, 1029
    13035.00000,   -10875.00000, 1139, 1030
    13215.00000,   -10875.00000, 1140, 1031
    13455.00000,   -10875.00000, 1141, 1032
    13815.00000,   -10875.00000, 1142, 1033
    13965.00000,   -10875.00000, 1143, 1034
    14085.00000,   -10875.00000, 1144, 1035
    14265.00000,   -10875.00000, 1145, 1036
    12465.00000,   -10845.00000, 1146, 1037
    12765.00000,   -10845.00000, 1148, 1038
    12855.00000,   -10845.00000, 1149, 1039
    12915.00000,   -10845.00000, 1150, 1040
    13005.00000,   -10845.00000, 1151, 1041
    13185.00000,   -10845.00000, 1152, 1042
    13425.00000,   -10845.00000, 1153, 1043
    13785.00000,   -10845.00000, 1154, 1044
    13965.00000,   -10845.00000, 1155, 1045
    13995.00000,   -10845.00000, 1156, 1046
    14025.00000,   -10845.00000, 1157, 1047
    14085.00000,   -10845.00000, 1158, 1048
    14235.00000,   -10845.00000, 1159, 1049
    12465.00000,   -10815.00000, 1160, 1050
    12555.00000,   -10815.00000, 1161, 1051
    12765.00000,   -10815.00000, 1162, 1052
    12855.00000,   -10815.00000, 1163, 1053
    12915.00000,   -10815.00000, 1164, 1054
    13005.00000,   -10815.00000, 1165, 1055
    13095.00000,   -10815.00000, 1166, 1056
    13125.00000,   -10815.00000, 1167, 1057
    13155.00000,   -10815.00000, 1168, 1058
    13425.00000,   -10815.00000, 1169, 1059
    13755.00000,   -10815.00000, 1170, 1060
    13935.00000,   -10815.00000, 1171, 1061
    14055.00000,   -10815.00000, 1172, 1062
    14235.00000,   -10815.00000, 1173, 1063
    12435.00000,   -10785.00000, 1175, 1064
    12555.00000,   -10785.00000, 1176, 1065
    12795.00000,   -10785.00000, 1177, 1066
    12855.00000,   -10785.00000, 1178, 1067
    12885.00000,   -10785.00000, 1179, 1068
    12975.00000,   -10785.00000, 1180, 1069
    13065.00000,   -10785.00000, 1181, 1070
    13395.00000,   -10785.00000, 1182, 1071
    13725.00000,   -10785.00000, 1184, 1072
    13905.00000,   -10785.00000, 1185, 1073
    14205.00000,   -10785.00000, 1186, 1074
    14235.00000,   -10785.00000, 1187, 1075
    14265.00000,   -10785.00000, 1188, 1076
    14295.00000,   -10785.00000, 1189, 1077
    14325.00000,   -10785.00000, 1190, 1078
    12405.00000,   -10755.00000, 1191, 1079
    12585.00000,   -10755.00000, 1192, 1080
    12795.00000,   -10755.00000, 1193, 1081
    12855.00000,   -10755.00000, 1194, 1082
    12975.00000,   -10755.00000, 1195, 1083
    13035.00000,   -10755.00000, 1196, 1084
    13365.00000,   -10755.00000, 1197, 1085
    13515.00000,   -10755.00000, 1198, 1086
    13695.00000,   -10755.00000, 1199, 1087
    13905.00000,   -10755.00000, 1200, 1088
    14175.00000,   -10755.00000, 1201, 1089
    12435.00000,   -10725.00000, 1202, 1090
    12585.00000,   -10725.00000, 1203, 1091
    12825.00000,   -10725.00000, 1204, 1092
    13005.00000,   -10725.00000, 1205, 1093
    13335.00000,   -10725.00000, 1207, 1094
    13515.00000,   -10725.00000, 1208, 1095
    13665.00000,   -10725.00000, 1209, 1096
    13845.00000,   -10725.00000, 1210, 1097
    13875.00000,   -10725.00000, 1211, 1098
    13935.00000,   -10725.00000, 1212, 1099
    14145.00000,   -10725.00000, 1213, 1100
    12435.00000,   -10695.00000, 1214, 1101
    12615.00000,   -10695.00000, 1215, 1102
    12825.00000,   -10695.00000, 1216, 1103
    13005.00000,   -10695.00000, 1217, 1104
    13125.00000,   -10695.00000, 1218, 1105
    13305.00000,   -10695.00000, 1219, 1106
    13485.00000,   -10695.00000, 1220, 1107
    13695.00000,   -10695.00000, 1221, 1108
    13725.00000,   -10695.00000, 1222, 1109
    13755.00000,   -10695.00000, 1223, 1110
    13785.00000,   -10695.00000, 1224, 1111
    13815.00000,   -10695.00000, 1225, 1112
    13965.00000,   -10695.00000, 1226, 1113
    14145.00000,   -10695.00000, 1228, 1114
    14175.00000,   -10695.00000, 1229, 1115
    14205.00000,   -10695.00000, 1230, 1116
    14235.00000,   -10695.00000, 1231, 1117
    14265.00000,   -10695.00000, 1232, 1118
    12465.00000,   -10665.00000, 1233, 1119
    12615.00000,   -10665.00000, 1234, 1120
    12855.00000,   -10665.00000, 1235, 1121
    13005.00000,   -10665.00000, 1236, 1122
    13095.00000,   -10665.00000, 1237, 1123
    13305.00000,   -10665.00000, 1238, 1124
    13485.00000,   -10665.00000, 1239, 1125
    13515.00000,   -10665.00000, 1240, 1126
    13545.00000,   -10665.00000, 1241, 1127
    13575.00000,   -10665.00000, 1242, 1128
    13605.00000,   -10665.00000, 1243, 1129
    13635.00000,   -10665.00000, 1244, 1130
    13665.00000,   -10665.00000, 1245, 1131
    14145.00000,   -10665.00000, 1246, 1132
    14295.00000,   -10665.00000, 1247, 1133
    12435.00000,   -10635.00000, 1249, 1134
    12615.00000,   -10635.00000, 1250, 1135
    12855.00000,   -10635.00000, 1251, 1136
    12975.00000,   -10635.00000, 1252, 1137
    13125.00000,   -10635.00000, 1253, 1138
    13305.00000,   -10635.00000, 1254, 1139
    13455.00000,   -10635.00000, 1255, 1140
    13605.00000,   -10635.00000, 1256, 1141
    14145.00000,   -10635.00000, 1257, 1142
    12435.00000,   -10605.00000, 1258, 1143
    12615.00000,   -10605.00000, 1259, 1144
    12855.00000,   -10605.00000, 1260, 1145
    12975.00000,   -10605.00000, 1261, 1146
    13095.00000,   -10605.00000, 1262, 1147
    13275.00000,   -10605.00000, 1263, 1148
    13425.00000,   -10605.00000, 1264, 1149
    13635.00000,   -10605.00000, 1265, 1150
    14115.00000,   -10605.00000, 1266, 1151
    12435.00000,   -10575.00000, 1267, 1152
    12615.00000,   -10575.00000, 1268, 1153
    12855.00000,   -10575.00000, 1269, 1154
    12975.00000,   -10575.00000, 1270, 1155
    13005.00000,   -10575.00000, 1271, 1156
    13035.00000,   -10575.00000, 1272, 1157
    13065.00000,   -10575.00000, 1273, 1158
    13245.00000,   -10575.00000, 1274, 1159
    13425.00000,   -10575.00000, 1275, 1160
    13635.00000,   -10575.00000, 1276, 1161
    14085.00000,   -10575.00000, 1278, 1162
    12465.00000,   -10545.00000, 1279, 1163
    12615.00000,   -10545.00000, 1280, 1164
    12885.00000,   -10545.00000, 1282, 1165
    12945.00000,   -10545.00000, 1283, 1166
    13095.00000,   -10545.00000, 1284, 1167
    13125.00000,   -10545.00000, 1285, 1168
    13155.00000,   -10545.00000, 1286, 1169
    13185.00000,   -10545.00000, 1287, 1170
    13215.00000,   -10545.00000, 1288, 1171
    13425.00000,   -10545.00000, 1289, 1172
    13665.00000,   -10545.00000, 1290, 1173
    13695.00000,   -10545.00000, 1291, 1174
    13935.00000,   -10545.00000, 1292, 1175
    13965.00000,   -10545.00000, 1293, 1176
    14025.00000,   -10545.00000, 1294, 1177
    14055.00000,   -10545.00000, 1295, 1178
    14085.00000,   -10545.00000, 1296, 1179
    12435.00000,   -10515.00000, 1298, 1180
    12615.00000,   -10515.00000, 1299, 1181
    12675.00000,   -10515.00000, 1300, 1182
    12885.00000,   -10515.00000, 1301, 1183
    12915.00000,   -10515.00000, 1302, 1184
    13425.00000,   -10515.00000, 1303, 1185
    13725.00000,   -10515.00000, 1304, 1186
    13755.00000,   -10515.00000, 1305, 1187
    13785.00000,   -10515.00000, 1306, 1188
    13815.00000,   -10515.00000, 1307, 1189
    13845.00000,   -10515.00000, 1308, 1190
    13875.00000,   -10515.00000, 1309, 1191
    13905.00000,   -10515.00000, 1310, 1192
    13995.00000,   -10515.00000, 1311, 1193
    14115.00000,   -10515.00000, 1312, 1194
    14145.00000,   -10515.00000, 1313, 1195
    14175.00000,   -10515.00000, 1314, 1196
    14235.00000,   -10515.00000, 1315, 1197
    12435.00000,   -10485.00000, 1317, 1198
    12615.00000,   -10485.00000, 1319, 1199
    12675.00000,   -10485.00000, 1320, 1200
    12885.00000,   -10485.00000, 1322, 1201
    13425.00000,   -10485.00000, 1323, 1202
    13845.00000,   -10485.00000, 1325, 1203
    13995.00000,   -10485.00000, 1326, 1204
    14205.00000,   -10485.00000, 1327, 1205
    14385.00000,   -10485.00000, 1328, 1206
    12405.00000,   -10455.00000, 1329, 1207
    12525.00000,   -10455.00000, 1330, 1208
    12615.00000,   -10455.00000, 1331, 1209
    12645.00000,   -10455.00000, 1332, 1210
    12735.00000,   -10455.00000, 1333, 1211
    12885.00000,   -10455.00000, 1334, 1212
    13005.00000,   -10455.00000, 1335, 1213
    13425.00000,   -10455.00000, 1338, 1214
    13875.00000,   -10455.00000, 1339, 1215
    14025.00000,   -10455.00000, 1340, 1216
    14235.00000,   -10455.00000, 1341, 1217
    14265.00000,   -10455.00000, 1342, 1218
    14295.00000,   -10455.00000, 1343, 1219
    14325.00000,   -10455.00000, 1344, 1220
    14355.00000,   -10455.00000, 1345, 1221
    12375.00000,   -10425.00000, 1346, 1222
    12495.00000,   -10425.00000, 1347, 1223
    12585.00000,   -10425.00000, 1348, 1224
    12705.00000,   -10425.00000, 1349, 1225
    12885.00000,   -10425.00000, 1350, 1226
    12975.00000,   -10425.00000, 1351, 1227
    13215.00000,   -10425.00000, 1352, 1228
    13425.00000,   -10425.00000, 1353, 1229
    13455.00000,   -10425.00000, 1354, 1230
    13485.00000,   -10425.00000, 1355, 1231
    13515.00000,   -10425.00000, 1356, 1232
    13545.00000,   -10425.00000, 1357, 1233
    13875.00000,   -10425.00000, 1358, 1234
    14055.00000,   -10425.00000, 1359, 1235
    14235.00000,   -10425.00000, 1360, 1236
    14355.00000,   -10425.00000, 1361, 1237
    12345.00000,   -10395.00000, 1362, 1238
    12495.00000,   -10395.00000, 1363, 1239
    12585.00000,   -10395.00000, 1364, 1240
    12705.00000,   -10395.00000, 1365, 1241
    12855.00000,   -10395.00000, 1366, 1242
    12915.00000,   -10395.00000, 1367, 1243
    12945.00000,   -10395.00000, 1368, 1244
    13185.00000,   -10395.00000, 1369, 1245
    13425.00000,   -10395.00000, 1370, 1246
    13575.00000,   -10395.00000, 1371, 1247
    13875.00000,   -10395.00000, 1372, 1248
    14055.00000,   -10395.00000, 1373, 1249
    12345.00000,   -10365.00000, 1376, 1250
    12465.00000,   -10365.00000, 1377, 1251
    12585.00000,   -10365.00000, 1378, 1252
    12705.00000,   -10365.00000, 1379, 1253
    12855.00000,   -10365.00000, 1380, 1254
    13185.00000,   -10365.00000, 1381, 1255
    13425.00000,   -10365.00000, 1382, 1256
    13905.00000,   -10365.00000, 1384, 1257
    12345.00000,   -10335.00000, 1386, 1258
    12465.00000,   -10335.00000, 1387, 1259
    12585.00000,   -10335.00000, 1388, 1260
    12675.00000,   -10335.00000, 1389, 1261
    12795.00000,   -10335.00000, 1390, 1262
    12825.00000,   -10335.00000, 1391, 1263
    13155.00000,   -10335.00000, 1392, 1264
    13395.00000,   -10335.00000, 1393, 1265
    13905.00000,   -10335.00000, 1394, 1266
    12315.00000,   -10305.00000, 1396, 1267
    12465.00000,   -10305.00000, 1397, 1268
    12585.00000,   -10305.00000, 1398, 1269
    12675.00000,   -10305.00000, 1399, 1270
    12765.00000,   -10305.00000, 1400, 1271
    12855.00000,   -10305.00000, 1401, 1272
    12885.00000,   -10305.00000, 1402, 1273
    12915.00000,   -10305.00000, 1403, 1274
    12945.00000,   -10305.00000, 1404, 1275
    12975.00000,   -10305.00000, 1405, 1276
    13125.00000,   -10305.00000, 1407, 1277
    13395.00000,   -10305.00000, 1409, 1278
    12315.00000,   -10275.00000, 1411, 1279
    12465.00000,   -10275.00000, 1412, 1280
    12585.00000,   -10275.00000, 1413, 1281
    12705.00000,   -10275.00000, 1414, 1282
    12735.00000,   -10275.00000, 1415, 1283
    13095.00000,   -10275.00000, 1416, 1284
    13245.00000,   -10275.00000, 1417, 1285
    13335.00000,   -10275.00000, 1418, 1286
    13365.00000,   -10275.00000, 1419, 1287
    13395.00000,   -10275.00000, 1420, 1288
    12315.00000,   -10245.00000, 1421, 1289
    12465.00000,   -10245.00000, 1422, 1290
    12555.00000,   -10245.00000, 1423, 1291
    12705.00000,   -10245.00000, 1424, 1292
    13065.00000,   -10245.00000, 1425, 1293
    13245.00000,   -10245.00000, 1426, 1294
    13275.00000,   -10245.00000, 1427, 1295
    13305.00000,   -10245.00000, 1428, 1296
    13425.00000,   -10245.00000, 1429, 1297
    13455.00000,   -10245.00000, 1430, 1298
    13485.00000,   -10245.00000, 1431, 1299
    13515.00000,   -10245.00000, 1432, 1300
    13545.00000,   -10245.00000, 1433, 1301
    13575.00000,   -10245.00000, 1434, 1302
    13605.00000,   -10245.00000, 1435, 1303
    13635.00000,   -10245.00000, 1436, 1304
    13665.00000,   -10245.00000, 1437, 1305
    13725.00000,   -10245.00000, 1438, 1306
    12315.00000,   -10215.00000, 1439, 1307
    12495.00000,   -10215.00000, 1440, 1308
    12555.00000,   -10215.00000, 1441, 1309
    12675.00000,   -10215.00000, 1442, 1310
    13035.00000,   -10215.00000, 1443, 1311
    13215.00000,   -10215.00000, 1444, 1312
    13545.00000,   -10215.00000, 1445, 1313
    13695.00000,   -10215.00000, 1446, 1314
    13755.00000,   -10215.00000, 1448, 1315
    12315.00000,   -10185.00000, 1449, 1316
    12495.00000,   -10185.00000, 1450, 1317
    12555.00000,   -10185.00000, 1451, 1318
    12645.00000,   -10185.00000, 1452, 1319
    12975.00000,   -10185.00000, 1453, 1320
    13005.00000,   -10185.00000, 1454, 1321
    13035.00000,   -10185.00000, 1455, 1322
    13185.00000,   -10185.00000, 1456, 1323
    13215.00000,   -10185.00000, 1457, 1324
    13575.00000,   -10185.00000, 1458, 1325
    13785.00000,   -10185.00000, 1459, 1326
    12315.00000,   -10155.00000, 1460, 1327
    12525.00000,   -10155.00000, 1461, 1328
    12585.00000,   -10155.00000, 1462, 1329
    12615.00000,   -10155.00000, 1463, 1330
    12735.00000,   -10155.00000, 1464, 1331
    12765.00000,   -10155.00000, 1465, 1332
    12795.00000,   -10155.00000, 1466, 1333
    12825.00000,   -10155.00000, 1467, 1334
    12915.00000,   -10155.00000, 1468, 1335
    12945.00000,   -10155.00000, 1469, 1336
    13065.00000,   -10155.00000, 1470, 1337
    13095.00000,   -10155.00000, 1471, 1338
    13125.00000,   -10155.00000, 1472, 1339
    13155.00000,   -10155.00000, 1473, 1340
    13245.00000,   -10155.00000, 1474, 1341
    12285.00000,   -10125.00000, 1477, 1342
    12555.00000,   -10125.00000, 1478, 1343
    12645.00000,   -10125.00000, 1479, 1344
    12675.00000,   -10125.00000, 1480, 1345
    12705.00000,   -10125.00000, 1481, 1346
    12855.00000,   -10125.00000, 1482, 1347
    12885.00000,   -10125.00000, 1483, 1348
    13125.00000,   -10125.00000, 1484, 1349
    13275.00000,   -10125.00000, 1485, 1350
    12285.00000,   -10095.00000, 1487, 1351
    12525.00000,   -10095.00000, 1488, 1352
    12675.00000,   -10095.00000, 1489, 1353
    12885.00000,   -10095.00000, 1490, 1354
    13155.00000,   -10095.00000, 1491, 1355
    13275.00000,   -10095.00000, 1492, 1356
    13365.00000,   -10095.00000, 1493, 1357
    13395.00000,   -10095.00000, 1494, 1358
    13425.00000,   -10095.00000, 1495, 1359
    13455.00000,   -10095.00000, 1496, 1360
    12285.00000,   -10065.00000, 1497, 1361
    12495.00000,   -10065.00000, 1498, 1362
    12705.00000,   -10065.00000, 1499, 1363
    13305.00000,   -10065.00000, 1502, 1364
    13335.00000,   -10065.00000, 1503, 1365
    13485.00000,   -10065.00000, 1504, 1366
    13515.00000,   -10065.00000, 1505, 1367
    12285.00000,   -10035.00000, 1506, 1368
    12435.00000,   -10035.00000, 1507, 1369
    12465.00000,   -10035.00000, 1508, 1370
    12705.00000,   -10035.00000, 1509, 1371
    13275.00000,   -10035.00000, 1510, 1372
    13335.00000,   -10035.00000, 1511, 1373
    12285.00000,   -10005.00000, 1513, 1374
    12405.00000,   -10005.00000, 1514, 1375
    12735.00000,   -10005.00000, 1515, 1376
    13365.00000,   -10005.00000, 1517, 1377
    13395.00000,   -10005.00000, 1518, 1378
    12285.00000,    -9975.00000, 1521, 1379
    12405.00000,    -9975.00000, 1522, 1380
    12435.00000,    -9975.00000, 1523, 1381
    12465.00000,    -9975.00000, 1524, 1382
    12495.00000,    -9975.00000, 1525, 1383
    12525.00000,    -9975.00000, 1526, 1384
    12765.00000,    -9975.00000, 1527, 1385
    12795.00000,    -9975.00000, 1528, 1386
    13365.00000,    -9975.00000, 1529, 1387
    13755.00000,    -9975.00000, 1530, 1388
    13785.00000,    -9975.00000, 1531, 1389
    13815.00000,    -9975.00000, 1532, 1390
    12285.00000,    -9945.00000, 1533, 1391
    12345.00000,    -9945.00000, 1534, 1392
    12375.00000,    -9945.00000, 1535, 1393
    12555.00000,    -9945.00000, 1536, 1394
    12585.00000,    -9945.00000, 1537, 1395
    12825.00000,    -9945.00000, 1538, 1396
    12855.00000,    -9945.00000, 1539, 1397
    13365.00000,    -9945.00000, 1540, 1398
    13695.00000,    -9945.00000, 1541, 1399
    13725.00000,    -9945.00000, 1542, 1400
    12315.00000,    -9915.00000, 1544, 1401
    12615.00000,    -9915.00000, 1546, 1402
    12645.00000,    -9915.00000, 1547, 1403
    12885.00000,    -9915.00000, 1549, 1404
    13365.00000,    -9915.00000, 1551, 1405
    13665.00000,    -9915.00000, 1552, 1406
    13695.00000,    -9915.00000, 1553, 1407
    12285.00000,    -9885.00000, 1554, 1408
    12315.00000,    -9885.00000, 1555, 1409
    12615.00000,    -9885.00000, 1556, 1410
    12915.00000,    -9885.00000, 1557, 1411
    13395.00000,    -9885.00000, 1558, 1412
    13635.00000,    -9885.00000, 1559, 1413
    13725.00000,    -9885.00000, 1560, 1414
    12255.00000,    -9855.00000, 1562, 1415
    12345.00000,    -9855.00000, 1563, 1416
    12645.00000,    -9855.00000, 1564, 1417
    12945.00000,    -9855.00000, 1565, 1418
    12975.00000,    -9855.00000, 1566, 1419
    13425.00000,    -9855.00000, 1567, 1420
    13545.00000,    -9855.00000, 1568, 1421
    13575.00000,    -9855.00000, 1569, 1422
    13605.00000,    -9855.00000, 1570, 1423
    13635.00000,    -9855.00000, 1571, 1424
    12195.00000,    -9825.00000, 1573, 1425
    12225.00000,    -9825.00000, 1574, 1426
    12375.00000,    -9825.00000, 1575, 1427
    12645.00000,    -9825.00000, 1576, 1428
    12945.00000,    -9825.00000, 1577, 1429
    13005.00000,    -9825.00000, 1578, 1430
    13035.00000,    -9825.00000, 1579, 1431
    13455.00000,    -9825.00000, 1581, 1432
    13485.00000,    -9825.00000, 1582, 1433
    13515.00000,    -9825.00000, 1583, 1434
    13665.00000,    -9825.00000, 1584, 1435
    12015.00000,    -9795.00000, 1585, 1436
    12165.00000,    -9795.00000, 1586, 1437
    12405.00000,    -9795.00000, 1587, 1438
    12675.00000,    -9795.00000, 1588, 1439
    12705.00000,    -9795.00000, 1589, 1440
    12735.00000,    -9795.00000, 1590, 1441
    12945.00000,    -9795.00000, 1591, 1442
    13065.00000,    -9795.00000, 1592, 1443
    13095.00000,    -9795.00000, 1593, 1444
    13455.00000,    -9795.00000, 1594, 1445
    13695.00000,    -9795.00000, 1595, 1446
    12015.00000,    -9765.00000, 1597, 1447
    12135.00000,    -9765.00000, 1598, 1448
    12435.00000,    -9765.00000, 1599, 1449
    12465.00000,    -9765.00000, 1600, 1450
    12495.00000,    -9765.00000, 1601, 1451
    12765.00000,    -9765.00000, 1602, 1452
    12945.00000,    -9765.00000, 1603, 1453
    13125.00000,    -9765.00000, 1604, 1454
    13425.00000,    -9765.00000, 1605, 1455
    13485.00000,    -9765.00000, 1606, 1456
    11985.00000,    -9735.00000, 1607, 1457
    12135.00000,    -9735.00000, 1608, 1458
    12525.00000,    -9735.00000, 1609, 1459
    12555.00000,    -9735.00000, 1610, 1460
    12585.00000,    -9735.00000, 1611, 1461
    12615.00000,    -9735.00000, 1612, 1462
    12765.00000,    -9735.00000, 1614, 1463
    12945.00000,    -9735.00000, 1615, 1464
    13155.00000,    -9735.00000, 1616, 1465
    13185.00000,    -9735.00000, 1617, 1466
    13395.00000,    -9735.00000, 1619, 1467
    13515.00000,    -9735.00000, 1620, 1468
    11985.00000,    -9705.00000, 1621, 1469
    12135.00000,    -9705.00000, 1622, 1470
    12795.00000,    -9705.00000, 1623, 1471
    12975.00000,    -9705.00000, 1624, 1472
    13155.00000,    -9705.00000, 1625, 1473
    13395.00000,    -9705.00000, 1626, 1474
    13515.00000,    -9705.00000, 1627, 1475
    11955.00000,    -9675.00000, 1629, 1476
    12135.00000,    -9675.00000, 1630, 1477
    12285.00000,    -9675.00000, 1631, 1478
    12315.00000,    -9675.00000, 1632, 1479
    12345.00000,    -9675.00000, 1633, 1480
    12795.00000,    -9675.00000, 1635, 1481
    12975.00000,    -9675.00000, 1636, 1482
    13155.00000,    -9675.00000, 1637, 1483
    13515.00000,    -9675.00000, 1639, 1484
    13545.00000,    -9675.00000, 1640, 1485
    11925.00000,    -9645.00000, 1641, 1486
    11955.00000,    -9645.00000, 1642, 1487
    12135.00000,    -9645.00000, 1643, 1488
    12255.00000,    -9645.00000, 1644, 1489
    12375.00000,    -9645.00000, 1645, 1490
    12405.00000,    -9645.00000, 1646, 1491
    12435.00000,    -9645.00000, 1647, 1492
    12795.00000,    -9645.00000, 1648, 1493
    12975.00000,    -9645.00000, 1649, 1494
    13485.00000,    -9645.00000, 1651, 1495
    13545.00000,    -9645.00000, 1652, 1496
    13575.00000,    -9645.00000, 1653, 1497
    11925.00000,    -9615.00000, 1655, 1498
    12105.00000,    -9615.00000, 1656, 1499
    12225.00000,    -9615.00000, 1657, 1500
    12975.00000,    -9615.00000, 1660, 1501
    13455.00000,    -9615.00000, 1662, 1502
    13545.00000,    -9615.00000, 1663, 1503
    13605.00000,    -9615.00000, 1664, 1504
    13635.00000,    -9615.00000, 1665, 1505
    13665.00000,    -9615.00000, 1666, 1506
    13695.00000,    -9615.00000, 1667, 1507
    11895.00000,    -9585.00000, 1668, 1508
    12135.00000,    -9585.00000, 1669, 1509
    12195.00000,    -9585.00000, 1670, 1510
    12585.00000,    -9585.00000, 1671, 1511
    13005.00000,    -9585.00000, 1673, 1512
    13515.00000,    -9585.00000, 1675, 1513
    13545.00000,    -9585.00000, 1676, 1514
    13635.00000,    -9585.00000, 1677, 1515
    11895.00000,    -9555.00000, 1679, 1516
    12135.00000,    -9555.00000, 1680, 1517
    12165.00000,    -9555.00000, 1681, 1518
    12405.00000,    -9555.00000, 1682, 1519
    12435.00000,    -9555.00000, 1683, 1520
    12465.00000,    -9555.00000, 1684, 1521
    12495.00000,    -9555.00000, 1685, 1522
    12555.00000,    -9555.00000, 1686, 1523
    13005.00000,    -9555.00000, 1687, 1524
    13485.00000,    -9555.00000, 1688, 1525
    13545.00000,    -9555.00000, 1689, 1526
    13635.00000,    -9555.00000, 1690, 1527
    11895.00000,    -9525.00000, 1691, 1528
    12135.00000,    -9525.00000, 1692, 1529
    12165.00000,    -9525.00000, 1693, 1530
    12195.00000,    -9525.00000, 1694, 1531
    12225.00000,    -9525.00000, 1695, 1532
    12255.00000,    -9525.00000, 1696, 1533
    12285.00000,    -9525.00000, 1697, 1534
    12315.00000,    -9525.00000, 1698, 1535
    12345.00000,    -9525.00000, 1699, 1536
    12375.00000,    -9525.00000, 1700, 1537
    12525.00000,    -9525.00000, 1701, 1538
    13035.00000,    -9525.00000, 1702, 1539
    13455.00000,    -9525.00000, 1703, 1540
    13515.00000,    -9525.00000, 1704, 1541
    13665.00000,    -9525.00000, 1705, 1542
    11895.00000,    -9495.00000, 1706, 1543
    12105.00000,    -9495.00000, 1707, 1544
    12345.00000,    -9495.00000, 1708, 1545
    12555.00000,    -9495.00000, 1709, 1546
    12585.00000,    -9495.00000, 1710, 1547
    12615.00000,    -9495.00000, 1711, 1548
    13035.00000,    -9495.00000, 1712, 1549
    13425.00000,    -9495.00000, 1713, 1550
    13545.00000,    -9495.00000, 1714, 1551
    13665.00000,    -9495.00000, 1715, 1552
    11895.00000,    -9465.00000, 1716, 1553
    12105.00000,    -9465.00000, 1718, 1554
    12375.00000,    -9465.00000, 1719, 1555
    12405.00000,    -9465.00000, 1720, 1556
    12555.00000,    -9465.00000, 1721, 1557
    12645.00000,    -9465.00000, 1722, 1558
    13065.00000,    -9465.00000, 1723, 1559
    13095.00000,    -9465.00000, 1724, 1560
    13425.00000,    -9465.00000, 1726, 1561
    13545.00000,    -9465.00000, 1727, 1562
    13665.00000,    -9465.00000, 1728, 1563
    11895.00000,    -9435.00000, 1729, 1564
    12015.00000,    -9435.00000, 1730, 1565
    12045.00000,    -9435.00000, 1731, 1566
    12075.00000,    -9435.00000, 1732, 1567
    12195.00000,    -9435.00000, 1733, 1568
    12435.00000,    -9435.00000, 1735, 1569
    12585.00000,    -9435.00000, 1736, 1570
    12675.00000,    -9435.00000, 1737, 1571
    12705.00000,    -9435.00000, 1738, 1572
    13065.00000,    -9435.00000, 1739, 1573
    13125.00000,    -9435.00000, 1740, 1574
    13395.00000,    -9435.00000, 1742, 1575
    13545.00000,    -9435.00000, 1743, 1576
    11865.00000,    -9405.00000, 1746, 1577
    11895.00000,    -9405.00000, 1747, 1578
    11925.00000,    -9405.00000, 1748, 1579
    11955.00000,    -9405.00000, 1749, 1580
    11985.00000,    -9405.00000, 1750, 1581
    12105.00000,    -9405.00000, 1751, 1582
    12165.00000,    -9405.00000, 1752, 1583
    12585.00000,    -9405.00000, 1754, 1584
    12735.00000,    -9405.00000, 1755, 1585
    12765.00000,    -9405.00000, 1756, 1586
    12795.00000,    -9405.00000, 1757, 1587
    13155.00000,    -9405.00000, 1759, 1588
    13545.00000,    -9405.00000, 1760, 1589
    11835.00000,    -9375.00000, 1761, 1590
    12135.00000,    -9375.00000, 1762, 1591
    12615.00000,    -9375.00000, 1763, 1592
    11835.00000,    -9345.00000, 1767, 1593
    12165.00000,    -9345.00000, 1768, 1594
    11835.00000,    -9315.00000, 1770, 1595
    12195.00000,    -9315.00000, 1771, 1596
    11835.00000,    -9285.00000, 1772, 1597
    12225.00000,    -9285.00000, 1773, 1598
    12255.00000,    -9285.00000, 1774, 1599
    11835.00000,    -9255.00000, 1775, 1600
    12285.00000,    -9255.00000, 1777, 1601
    12315.00000,    -9255.00000, 1778, 1602
    11835.00000,    -9225.00000, 1779, 1603
    12015.00000,    -9225.00000, 1780, 1604
    12345.00000,    -9225.00000, 1781, 1605
    12375.00000,    -9225.00000, 1782, 1606
    11835.00000,    -9195.00000, 1783, 1607
    12015.00000,    -9195.00000, 1785, 1608
    12405.00000,    -9195.00000, 1786, 1609
    12435.00000,    -9195.00000, 1787, 1610
    11835.00000,    -9165.00000, 1789, 1611
    11865.00000,    -9165.00000, 1790, 1612
    11895.00000,    -9165.00000, 1791, 1613
    11985.00000,    -9165.00000, 1792, 1614
    11835.00000,    -9135.00000, 1793, 1615
    11955.00000,    -9135.00000, 1794, 1616
    11805.00000,    -9105.00000, 1796, 1617
    11925.00000,    -9105.00000, 1797, 1618
    12105.00000,    -9105.00000, 1798, 1619
    11775.00000,    -9075.00000, 1800, 1620
    11895.00000,    -9075.00000, 1801, 1621
    12045.00000,    -9075.00000, 1802, 1622
    12075.00000,    -9075.00000, 1803, 1623
    12525.00000,    -9075.00000, 1804, 1624
    11775.00000,    -9045.00000, 1805, 1625
    11865.00000,    -9045.00000, 1806, 1626
    12015.00000,    -9045.00000, 1807, 1627
    12525.00000,    -9045.00000, 1809, 1628
    11805.00000,    -9015.00000, 1810, 1629
    11835.00000,    -9015.00000, 1811, 1630
    12015.00000,    -9015.00000, 1812, 1631
    12255.00000,    -9015.00000, 1813, 1632
    12495.00000,    -9015.00000, 1814, 1633
    11835.00000,    -8985.00000, 1815, 1634
    12015.00000,    -8985.00000, 1816, 1635
    12255.00000,    -8985.00000, 1817, 1636
    12495.00000,    -8985.00000, 1819, 1637
    11835.00000,    -8955.00000, 1820, 1638
    12015.00000,    -8955.00000, 1821, 1639
    12225.00000,    -8955.00000, 1822, 1640
    12465.00000,    -8955.00000, 1823, 1641
    11805.00000,    -8925.00000, 1825, 1642
    11985.00000,    -8925.00000, 1826, 1643
    12195.00000,    -8925.00000, 1828, 1644
    12435.00000,    -8925.00000, 1829, 1645
    11805.00000,    -8895.00000, 1830, 1646
    12015.00000,    -8895.00000, 1831, 1647
    12045.00000,    -8895.00000, 1832, 1648
    12075.00000,    -8895.00000, 1833, 1649
    12165.00000,    -8895.00000, 1834, 1650
    12405.00000,    -8895.00000, 1836, 1651
    11805.00000,    -8865.00000, 1837, 1652
    12015.00000,    -8865.00000, 1838, 1653
    12165.00000,    -8865.00000, 1839, 1654
    12285.00000,    -8865.00000, 1840, 1655
    12435.00000,    -8865.00000, 1841, 1656
    11775.00000,    -8835.00000, 1843, 1657
    12015.00000,    -8835.00000, 1844, 1658
    12135.00000,    -8835.00000, 1845, 1659
    12285.00000,    -8835.00000, 1846, 1660
    12435.00000,    -8835.00000, 1847, 1661
    12465.00000,    -8835.00000, 1848, 1662
    11745.00000,    -8805.00000, 1849, 1663
    12015.00000,    -8805.00000, 1850, 1664
    12105.00000,    -8805.00000, 1851, 1665
    12225.00000,    -8805.00000, 1852, 1666
    12255.00000,    -8805.00000, 1853, 1667
    12435.00000,    -8805.00000, 1854, 1668
    11745.00000,    -8775.00000, 1855, 1669
    11985.00000,    -8775.00000, 1856, 1670
    12105.00000,    -8775.00000, 1857, 1671
    12195.00000,    -8775.00000, 1858, 1672
    12405.00000,    -8775.00000, 1859, 1673
    11775.00000,    -8745.00000, 1860, 1674
    11985.00000,    -8745.00000, 1861, 1675
    12105.00000,    -8745.00000, 1862, 1676
    12165.00000,    -8745.00000, 1863, 1677
    12405.00000,    -8745.00000, 1864, 1678
    11775.00000,    -8715.00000, 1865, 1679
    11985.00000,    -8715.00000, 1866, 1680
    12135.00000,    -8715.00000, 1867, 1681
    12405.00000,    -8715.00000, 1868, 1682
    11775.00000,    -8685.00000, 1869, 1683
    12015.00000,    -8685.00000, 1870, 1684
    12105.00000,    -8685.00000, 1871, 1685
    12135.00000,    -8685.00000, 1872, 1686
    12405.00000,    -8685.00000, 1873, 1687
    11745.00000,    -8655.00000, 1874, 1688
    12015.00000,    -8655.00000, 1875, 1689
    12075.00000,    -8655.00000, 1876, 1690
    12405.00000,    -8655.00000, 1877, 1691
    11745.00000,    -8625.00000, 1878, 1692
    12015.00000,    -8625.00000, 1879, 1693
    12045.00000,    -8625.00000, 1880, 1694
    12375.00000,    -8625.00000, 1881, 1695
    11715.00000,    -8595.00000, 1882, 1696
    12015.00000,    -8595.00000, 1885, 1697
    12345.00000,    -8595.00000, 1886, 1698
    11715.00000,    -8565.00000, 1887, 1699
    11955.00000,    -8565.00000, 1888, 1700
    12015.00000,    -8565.00000, 1889, 1701
    12315.00000,    -8565.00000, 1890, 1702
    11715.00000,    -8535.00000, 1891, 1703
    11985.00000,    -8535.00000, 1892, 1704
    12015.00000,    -8535.00000, 1893, 1705
    12285.00000,    -8535.00000, 1895, 1706
    11715.00000,    -8505.00000, 1896, 1707
    12015.00000,    -8505.00000, 1897, 1708
    12135.00000,    -8505.00000, 1898, 1709
    12285.00000,    -8505.00000, 1899, 1710
    11685.00000,    -8475.00000, 1900, 1711
    12015.00000,    -8475.00000, 1901, 1712
    12135.00000,    -8475.00000, 1902, 1713
    12285.00000,    -8475.00000, 1903, 1714
    11715.00000,    -8445.00000, 1904, 1715
    12015.00000,    -8445.00000, 1905, 1716
    12135.00000,    -8445.00000, 1906, 1717
    12255.00000,    -8445.00000, 1907, 1718
    11685.00000,    -8415.00000, 1908, 1719
    12015.00000,    -8415.00000, 1910, 1720
    12165.00000,    -8415.00000, 1911, 1721
    12255.00000,    -8415.00000, 1912, 1722
    11685.00000,    -8385.00000, 1913, 1723
    12015.00000,    -8385.00000, 1914, 1724
    12165.00000,    -8385.00000, 1915, 1725
    12225.00000,    -8385.00000, 1916, 1726
    11685.00000,    -8355.00000, 1917, 1727
    12045.00000,    -8355.00000, 1918, 1728
    12195.00000,    -8355.00000, 1919, 1729
    11685.00000,    -8325.00000, 1920, 1730
    12075.00000,    -8325.00000, 1922, 1731
    12165.00000,    -8325.00000, 1923, 1732
    11685.00000,    -8295.00000, 1924, 1733
    11835.00000,    -8295.00000, 1925, 1734
    12105.00000,    -8295.00000, 1926, 1735
    12165.00000,    -8295.00000, 1927, 1736
    11685.00000,    -8265.00000, 1928, 1737
    11835.00000,    -8265.00000, 1929, 1738
    12135.00000,    -8265.00000, 1930, 1739
    11685.00000,    -8235.00000, 1932, 1740
    11835.00000,    -8235.00000, 1933, 1741
    12105.00000,    -8235.00000, 1934, 1742
    11505.00000,    -8205.00000, 1935, 1743
    11715.00000,    -8205.00000, 1936, 1744
    11835.00000,    -8205.00000, 1937, 1745
    12105.00000,    -8205.00000, 1939, 1746
    11475.00000,    -8175.00000, 1940, 1747
    11715.00000,    -8175.00000, 1941, 1748
    11865.00000,    -8175.00000, 1942, 1749
    11925.00000,    -8175.00000, 1943, 1750
    12105.00000,    -8175.00000, 1944, 1751
    11445.00000,    -8145.00000, 1945, 1752
    11715.00000,    -8145.00000, 1946, 1753
    11895.00000,    -8145.00000, 1947, 1754
    12105.00000,    -8145.00000, 1948, 1755
    11415.00000,    -8115.00000, 1949, 1756
    11715.00000,    -8115.00000, 1950, 1757
    11895.00000,    -8115.00000, 1951, 1758
    12105.00000,    -8115.00000, 1953, 1759
    11415.00000,    -8085.00000, 1954, 1760
    11715.00000,    -8085.00000, 1955, 1761
    11865.00000,    -8085.00000, 1956, 1762
    11955.00000,    -8085.00000, 1957, 1763
    12105.00000,    -8085.00000, 1958, 1764
    11385.00000,    -8055.00000, 1959, 1765
    11745.00000,    -8055.00000, 1961, 1766
    11865.00000,    -8055.00000, 1962, 1767
    11955.00000,    -8055.00000, 1963, 1768
    12075.00000,    -8055.00000, 1964, 1769
    11385.00000,    -8025.00000, 1965, 1770
    11595.00000,    -8025.00000, 1966, 1771
    11745.00000,    -8025.00000, 1967, 1772
    11895.00000,    -8025.00000, 1968, 1773
    11955.00000,    -8025.00000, 1969, 1774
    12075.00000,    -8025.00000, 1970, 1775
    11385.00000,    -7995.00000, 1971, 1776
    11595.00000,    -7995.00000, 1972, 1777
    11775.00000,    -7995.00000, 1973, 1778
    11805.00000,    -7995.00000, 1974, 1779
    11865.00000,    -7995.00000, 1975, 1780
    11895.00000,    -7995.00000, 1976, 1781
    11925.00000,    -7995.00000, 1977, 1782
    12075.00000,    -7995.00000, 1978, 1783
    11385.00000,    -7965.00000, 1979, 1784
    11595.00000,    -7965.00000, 1980, 1785
    11835.00000,    -7965.00000, 1981, 1786
    11865.00000,    -7965.00000, 1982, 1787
    12075.00000,    -7965.00000, 1983, 1788
    11385.00000,    -7935.00000, 1984, 1789
    11565.00000,    -7935.00000, 1985, 1790
    11895.00000,    -7935.00000, 1986, 1791
    12075.00000,    -7935.00000, 1987, 1792
    11385.00000,    -7905.00000, 1988, 1793
    11535.00000,    -7905.00000, 1989, 1794
    11925.00000,    -7905.00000, 1991, 1795
    12075.00000,    -7905.00000, 1992, 1796
    11355.00000,    -7875.00000, 1993, 1797
    11505.00000,    -7875.00000, 1994, 1798
    11745.00000,    -7875.00000, 1995, 1799
    11925.00000,    -7875.00000, 1996, 1800
    12105.00000,    -7875.00000, 1997, 1801
    11325.00000,    -7845.00000, 1998, 1802
    11505.00000,    -7845.00000, 1999, 1803
    11745.00000,    -7845.00000, 2000, 1804
    11925.00000,    -7845.00000, 2001, 1805
    12105.00000,    -7845.00000, 2002, 1806
    11325.00000,    -7815.00000, 2003, 1807
    11475.00000,    -7815.00000, 2004, 1808
    11715.00000,    -7815.00000, 2005, 1809
    11925.00000,    -7815.00000, 2006, 1810
    12135.00000,    -7815.00000, 2007, 1811
    11325.00000,    -7785.00000, 2008, 1812
    11475.00000,    -7785.00000, 2009, 1813
    11685.00000,    -7785.00000, 2010, 1814
    11925.00000,    -7785.00000, 2011, 1815
    12105.00000,    -7785.00000, 2012, 1816
    11325.00000,    -7755.00000, 2013, 1817
    11445.00000,    -7755.00000, 2014, 1818
    11685.00000,    -7755.00000, 2015, 1819
    11925.00000,    -7755.00000, 2016, 1820
    12075.00000,    -7755.00000, 2017, 1821
    11325.00000,    -7725.00000, 2018, 1822
    11445.00000,    -7725.00000, 2019, 1823
    11685.00000,    -7725.00000, 2021, 1824
    11925.00000,    -7725.00000, 2022, 1825
    12075.00000,    -7725.00000, 2023, 1826
    11355.00000,    -7695.00000, 2024, 1827
    11415.00000,    -7695.00000, 2025, 1828
    11505.00000,    -7695.00000, 2026, 1829
    11655.00000,    -7695.00000, 2027, 1830
    11925.00000,    -7695.00000, 2029, 1831
    12075.00000,    -7695.00000, 2030, 1832
    11385.00000,    -7665.00000, 2031, 1833
    11475.00000,    -7665.00000, 2032, 1834
    11655.00000,    -7665.00000, 2033, 1835
    11865.00000,    -7665.00000, 2034, 1836
    11955.00000,    -7665.00000, 2035, 1837
    12075.00000,    -7665.00000, 2036, 1838
    11385.00000,    -7635.00000, 2037, 1839
    11475.00000,    -7635.00000, 2038, 1840
    11625.00000,    -7635.00000, 2039, 1841
    11895.00000,    -7635.00000, 2041, 1842
    11925.00000,    -7635.00000, 2042, 1843
    12075.00000,    -7635.00000, 2043, 1844
    11415.00000,    -7605.00000, 2044, 1845
    11445.00000,    -7605.00000, 2045, 1846
    11625.00000,    -7605.00000, 2046, 1847
    11715.00000,    -7605.00000, 2047, 1848
    11925.00000,    -7605.00000, 2048, 1849
    12045.00000,    -7605.00000, 2049, 1850
    11415.00000,    -7575.00000, 2050, 1851
    11625.00000,    -7575.00000, 2051, 1852
    11715.00000,    -7575.00000, 2052, 1853
    11925.00000,    -7575.00000, 2053, 1854
    12045.00000,    -7575.00000, 2054, 1855
    11415.00000,    -7545.00000, 2055, 1856
    11625.00000,    -7545.00000, 2056, 1857
    11685.00000,    -7545.00000, 2057, 1858
    11955.00000,    -7545.00000, 2058, 1859
    12075.00000,    -7545.00000, 2059, 1860
    11445.00000,    -7515.00000, 2060, 1861
    11625.00000,    -7515.00000, 2061, 1862
    11655.00000,    -7515.00000, 2062, 1863
    11985.00000,    -7515.00000, 2063, 1864
    12075.00000,    -7515.00000, 2064, 1865
    11445.00000,    -7485.00000, 2065, 1866
    11655.00000,    -7485.00000, 2066, 1867
    11985.00000,    -7485.00000, 2068, 1868
    12075.00000,    -7485.00000, 2069, 1869
    11475.00000,    -7455.00000, 2070, 1870
    11655.00000,    -7455.00000, 2071, 1871
    11835.00000,    -7455.00000, 2072, 1872
    11985.00000,    -7455.00000, 2073, 1873
    12075.00000,    -7455.00000, 2074, 1874
    11505.00000,    -7425.00000, 2075, 1875
    11655.00000,    -7425.00000, 2076, 1876
    11835.00000,    -7425.00000, 2077, 1877
    12015.00000,    -7425.00000, 2078, 1878
    12045.00000,    -7425.00000, 2079, 1879
    11505.00000,    -7395.00000, 2080, 1880
    11685.00000,    -7395.00000, 2081, 1881
    11835.00000,    -7395.00000, 2082, 1882
    12015.00000,    -7395.00000, 2083, 1883
    11505.00000,    -7365.00000, 2084, 1884
    11685.00000,    -7365.00000, 2085, 1885
    11805.00000,    -7365.00000, 2086, 1886
    12045.00000,    -7365.00000, 2087, 1887
    11505.00000,    -7335.00000, 2089, 1888
    11685.00000,    -7335.00000, 2090, 1889
    11805.00000,    -7335.00000, 2091, 1890
    12045.00000,    -7335.00000, 2093, 1891
    11385.00000,    -7305.00000, 2094, 1892
    11505.00000,    -7305.00000, 2095, 1893
    11685.00000,    -7305.00000, 2096, 1894
    11805.00000,    -7305.00000, 2097, 1895
    11925.00000,    -7305.00000, 2098, 1896
    12045.00000,    -7305.00000, 2099, 1897
    11385.00000,    -7275.00000, 2100, 1898
    11475.00000,    -7275.00000, 2101, 1899
    11685.00000,    -7275.00000, 2102, 1900
    11775.00000,    -7275.00000, 2103, 1901
    11955.00000,    -7275.00000, 2104, 1902
    12045.00000,    -7275.00000, 2105, 1903
    11415.00000,    -7245.00000, 2106, 1904
    11445.00000,    -7245.00000, 2107, 1905
    11685.00000,    -7245.00000, 2108, 1906
    11745.00000,    -7245.00000, 2109, 1907
    11955.00000,    -7245.00000, 2110, 1908
    12045.00000,    -7245.00000, 2111, 1909
    11415.00000,    -7215.00000, 2112, 1910
    11655.00000,    -7215.00000, 2113, 1911
    11745.00000,    -7215.00000, 2114, 1912
    11985.00000,    -7215.00000, 2115, 1913
    12045.00000,    -7215.00000, 2116, 1914
    11385.00000,    -7185.00000, 2117, 1915
    11655.00000,    -7185.00000, 2119, 1916
    11715.00000,    -7185.00000, 2120, 1917
    12015.00000,    -7185.00000, 2121, 1918
    12045.00000,    -7185.00000, 2122, 1919
    11385.00000,    -7155.00000, 2123, 1920
    11565.00000,    -7155.00000, 2124, 1921
    11655.00000,    -7155.00000, 2125, 1922
    11715.00000,    -7155.00000, 2126, 1923
    12045.00000,    -7155.00000, 2128, 1924
    11385.00000,    -7125.00000, 2129, 1925
    11535.00000,    -7125.00000, 2130, 1926
    11655.00000,    -7125.00000, 2131, 1927
    11685.00000,    -7125.00000, 2132, 1928
    11865.00000,    -7125.00000, 2133, 1929
    12045.00000,    -7125.00000, 2134, 1930
    11415.00000,    -7095.00000, 2135, 1931
    11535.00000,    -7095.00000, 2136, 1932
    11655.00000,    -7095.00000, 2137, 1933
    11865.00000,    -7095.00000, 2138, 1934
    12045.00000,    -7095.00000, 2139, 1935
    11415.00000,    -7065.00000, 2140, 1936
    11535.00000,    -7065.00000, 2141, 1937
    11625.00000,    -7065.00000, 2142, 1938
    11865.00000,    -7065.00000, 2144, 1939
    12045.00000,    -7065.00000, 2145, 1940
    11415.00000,    -7035.00000, 2146, 1941
    11535.00000,    -7035.00000, 2147, 1942
    11595.00000,    -7035.00000, 2148, 1943
    11745.00000,    -7035.00000, 2149, 1944
    11865.00000,    -7035.00000, 2150, 1945
    12045.00000,    -7035.00000, 2151, 1946
    11445.00000,    -7005.00000, 2152, 1947
    11565.00000,    -7005.00000, 2153, 1948
    11745.00000,    -7005.00000, 2154, 1949
    11865.00000,    -7005.00000, 2155, 1950
    12015.00000,    -7005.00000, 2157, 1951
    11445.00000,    -6975.00000, 2158, 1952
    11535.00000,    -6975.00000, 2159, 1953
    11715.00000,    -6975.00000, 2160, 1954
    11865.00000,    -6975.00000, 2161, 1955
    11895.00000,    -6975.00000, 2162, 1956
    12015.00000,    -6975.00000, 2163, 1957
    11475.00000,    -6945.00000, 2165, 1958
    11535.00000,    -6945.00000, 2166, 1959
    11685.00000,    -6945.00000, 2167, 1960
    11865.00000,    -6945.00000, 2168, 1961
    11985.00000,    -6945.00000, 2169, 1962
    11415.00000,    -6915.00000, 2170, 1963
    11505.00000,    -6915.00000, 2171, 1964
    11535.00000,    -6915.00000, 2172, 1965
    11655.00000,    -6915.00000, 2173, 1966
    11865.00000,    -6915.00000, 2174, 1967
    11985.00000,    -6915.00000, 2175, 1968
    11445.00000,    -6885.00000, 2176, 1969
    11475.00000,    -6885.00000, 2177, 1970
    11505.00000,    -6885.00000, 2178, 1971
    11535.00000,    -6885.00000, 2179, 1972
    11625.00000,    -6885.00000, 2180, 1973
    11835.00000,    -6885.00000, 2181, 1974
    11955.00000,    -6885.00000, 2182, 1975
    11535.00000,    -6855.00000, 2183, 1976
    11625.00000,    -6855.00000, 2184, 1977
    11835.00000,    -6855.00000, 2185, 1978
    11955.00000,    -6855.00000, 2186, 1979
    11535.00000,    -6825.00000, 2187, 1980
    11625.00000,    -6825.00000, 2188, 1981
    11835.00000,    -6825.00000, 2189, 1982
    11985.00000,    -6825.00000, 2190, 1983
    11535.00000,    -6795.00000, 2191, 1984
    11595.00000,    -6795.00000, 2192, 1985
    11835.00000,    -6795.00000, 2194, 1986
    11985.00000,    -6795.00000, 2195, 1987
    11535.00000,    -6765.00000, 2196, 1988
    11565.00000,    -6765.00000, 2197, 1989
    11685.00000,    -6765.00000, 2198, 1990
    11835.00000,    -6765.00000, 2199, 1991
    11985.00000,    -6765.00000, 2200, 1992
    12015.00000,    -6765.00000, 2201, 1993
    12045.00000,    -6765.00000, 2202, 1994
    11565.00000,    -6735.00000, 2204, 1995
    11685.00000,    -6735.00000, 2205, 1996
    11835.00000,    -6735.00000, 2206, 1997
    11985.00000,    -6735.00000, 2207, 1998
    11595.00000,    -6705.00000, 2208, 1999
    11685.00000,    -6705.00000, 2209, 2000
    11835.00000,    -6705.00000, 2210, 2001
    11985.00000,    -6705.00000, 2211, 2002
    11595.00000,    -6675.00000, 2212, 2003
    11685.00000,    -6675.00000, 2213, 2004
    11805.00000,    -6675.00000, 2214, 2005
    11985.00000,    -6675.00000, 2215, 2006
    11625.00000,    -6645.00000, 2216, 2007
    11655.00000,    -6645.00000, 2217, 2008
    11745.00000,    -6645.00000, 2218, 2009
    11775.00000,    -6645.00000, 2219, 2010
    11985.00000,    -6645.00000, 2220, 2011
    11655.00000,    -6615.00000, 2221, 2012
    11715.00000,    -6615.00000, 2222, 2013
    11985.00000,    -6615.00000, 2223, 2014
    11685.00000,    -6585.00000, 2225, 2015
    11985.00000,    -6585.00000, 2226, 2016
    12015.00000,    -6585.00000, 2227, 2017
    11685.00000,    -6555.00000, 2228, 2018
    11955.00000,    -6555.00000, 2229, 2019
    11685.00000,    -6525.00000, 2230, 2020
    11955.00000,    -6525.00000, 2231, 2021
    11685.00000,    -6495.00000, 2232, 2022
    11925.00000,    -6495.00000, 2234, 2023
    11685.00000,    -6465.00000, 2235, 2024
    11835.00000,    -6465.00000, 2236, 2025
    11925.00000,    -6465.00000, 2237, 2026
    11685.00000,    -6435.00000, 2238, 2027
    11805.00000,    -6435.00000, 2239, 2028
    11925.00000,    -6435.00000, 2240, 2029
    11685.00000,    -6405.00000, 2241, 2030
    11805.00000,    -6405.00000, 2242, 2031
    11895.00000,    -6405.00000, 2243, 2032
    11925.00000,    -6405.00000, 2244, 2033
    11685.00000,    -6375.00000, 2246, 2034
    11775.00000,    -6375.00000, 2247, 2035
    11895.00000,    -6375.00000, 2248, 2036
    11685.00000,    -6345.00000, 2249, 2037
    11775.00000,    -6345.00000, 2250, 2038
    11895.00000,    -6345.00000, 2251, 2039
    11685.00000,    -6315.00000, 2252, 2040
    11745.00000,    -6315.00000, 2253, 2041
    11895.00000,    -6315.00000, 2254, 2042
    11715.00000,    -6285.00000, 2255, 2043
    11895.00000,    -6285.00000, 2256, 2044
    11925.00000,    -6285.00000, 2257, 2045
    11715.00000,    -6255.00000, 2258, 2046
    11925.00000,    -6255.00000, 2259, 2047
    11715.00000,    -6225.00000, 2260, 2048
    11895.00000,    -6225.00000, 2261, 2049
    11925.00000,    -6225.00000, 2262, 2050
    11745.00000,    -6195.00000, 2264, 2051
    11895.00000,    -6195.00000, 2265, 2052
    11745.00000,    -6165.00000, 2266, 2053
    11865.00000,    -6165.00000, 2267, 2054
    11745.00000,    -6135.00000, 2268, 2055
    11835.00000,    -6135.00000, 2269, 2056
    11745.00000,    -6105.00000, 2270, 2057
    11805.00000,    -6105.00000, 2271, 2058
    11835.00000,    -6105.00000, 2272, 2059
    11775.00000,    -6075.00000, 2273, 2060
    11805.00000,    -6045.00000, 2274, 2061
    11775.00000,    -6015.00000, 2276, 2062
    11805.00000,    -6015.00000, 2277, 2063
    11685.00000,    -5985.00000, 2278, 2064
    11775.00000,    -5985.00000, 2279, 2065
    11685.00000,    -5955.00000, 2280, 2066
    11745.00000,    -5955.00000, 2281, 2067
    11685.00000,    -5925.00000, 2283, 2068
    11715.00000,    -5925.00000, 2284, 2069
    11895.00000,    -5925.00000, 2285, 2070
    11685.00000,    -5895.00000, 2287, 2071
    11895.00000,    -5895.00000, 2288, 2072
    11925.00000,    -5895.00000, 2289, 2073
    11685.00000,    -5865.00000, 2290, 2074
    11895.00000,    -5865.00000, 2291, 2075
    11685.00000,    -5835.00000, 2293, 2076
    11865.00000,    -5835.00000, 2294, 2077
    12105.00000,    -5835.00000, 2295, 2078
    11685.00000,    -5805.00000, 2297, 2079
    11715.00000,    -5805.00000, 2298, 2080
    11865.00000,    -5805.00000, 2299, 2081
    12075.00000,    -5805.00000, 2300, 2082
    11715.00000,    -5775.00000, 2301, 2083
    11865.00000,    -5775.00000, 2302, 2084
    12075.00000,    -5775.00000, 2303, 2085
    11745.00000,    -5745.00000, 2304, 2086
    11805.00000,    -5745.00000, 2305, 2087
    11835.00000,    -5745.00000, 2306, 2088
    12075.00000,    -5745.00000, 2307, 2089
    11745.00000,    -5715.00000, 2309, 2090
    11775.00000,    -5715.00000, 2310, 2091
    12075.00000,    -5715.00000, 2311, 2092
    12165.00000,    -5715.00000, 2312, 2093
    11775.00000,    -5685.00000, 2313, 2094
    12075.00000,    -5685.00000, 2314, 2095
    12165.00000,    -5685.00000, 2315, 2096
    11775.00000,    -5655.00000, 2316, 2097
    12045.00000,    -5655.00000, 2317, 2098
    12165.00000,    -5655.00000, 2318, 2099
    11805.00000,    -5625.00000, 2319, 2100
    12045.00000,    -5625.00000, 2320, 2101
    12135.00000,    -5625.00000, 2321, 2102
    11805.00000,    -5595.00000, 2322, 2103
    12075.00000,    -5595.00000, 2323, 2104
    12105.00000,    -5595.00000, 2324, 2105
    11775.00000,    -5565.00000, 2325, 2106
    12105.00000,    -5565.00000, 2326, 2107
    11805.00000,    -5535.00000, 2327, 2108
    12105.00000,    -5535.00000, 2328, 2109
    11805.00000,    -5505.00000, 2330, 2110
    12135.00000,    -5505.00000, 2331, 2111
    11775.00000,    -5475.00000, 2333, 2112
    11805.00000,    -5475.00000, 2334, 2113
    12105.00000,    -5475.00000, 2336, 2114
    12135.00000,    -5475.00000, 2337, 2115
    11685.00000,    -5445.00000, 2338, 2116
    11775.00000,    -5445.00000, 2339, 2117
    12135.00000,    -5445.00000, 2340, 2118
    12165.00000,    -5445.00000, 2341, 2119
    11715.00000,    -5415.00000, 2342, 2120
    11775.00000,    -5415.00000, 2343, 2121
    12165.00000,    -5415.00000, 2345, 2122
    11745.00000,    -5385.00000, 2346, 2123
    12015.00000,    -5385.00000, 2347, 2124
    12165.00000,    -5385.00000, 2348, 2125
    11745.00000,    -5355.00000, 2349, 2126
    12045.00000,    -5355.00000, 2350, 2127
    12165.00000,    -5355.00000, 2351, 2128
    11745.00000,    -5325.00000, 2352, 2129
    12045.00000,    -5325.00000, 2353, 2130
    12165.00000,    -5325.00000, 2354, 2131
    11745.00000,    -5295.00000, 2355, 2132
    12075.00000,    -5295.00000, 2356, 2133
    12135.00000,    -5295.00000, 2357, 2134
    12165.00000,    -5295.00000, 2358, 2135
    11745.00000,    -5265.00000, 2359, 2136
    12105.00000,    -5265.00000, 2361, 2137
    12135.00000,    -5265.00000, 2362, 2138
    11745.00000,    -5235.00000, 2363, 2139
    11775.00000,    -5235.00000, 2364, 2140
    12045.00000,    -5235.00000, 2365, 2141
    12135.00000,    -5235.00000, 2366, 2142
    11805.00000,    -5205.00000, 2367, 2143
    11835.00000,    -5205.00000, 2368, 2144
    12075.00000,    -5205.00000, 2369, 2145
    12105.00000,    -5205.00000, 2370, 2146
    11865.00000,    -5175.00000, 2371, 2147
    12045.00000,    -5175.00000, 2372, 2148
    11895.00000,    -5145.00000, 2374, 2149
    12045.00000,    -5145.00000, 2375, 2150
    12255.00000,    -5145.00000, 2376, 2151
    11925.00000,    -5115.00000, 2377, 2152
    11955.00000,    -5115.00000, 2378, 2153
    11985.00000,    -5115.00000, 2379, 2154
    12075.00000,    -5115.00000, 2380, 2155
    12255.00000,    -5115.00000, 2381, 2156
    12015.00000,    -5085.00000, 2382, 2157
    12105.00000,    -5085.00000, 2383, 2158
    12255.00000,    -5085.00000, 2384, 2159
    12045.00000,    -5055.00000, 2385, 2160
    12105.00000,    -5055.00000, 2386, 2161
    12255.00000,    -5055.00000, 2387, 2162
    12075.00000,    -5025.00000, 2388, 2163
    12105.00000,    -5025.00000, 2389, 2164
    12255.00000,    -5025.00000, 2390, 2165
    12105.00000,    -4995.00000, 2391, 2166
    12255.00000,    -4995.00000, 2392, 2167
    12135.00000,    -4965.00000, 2393, 2168
    12255.00000,    -4965.00000, 2394, 2169
    12165.00000,    -4935.00000, 2395, 2170
    12225.00000,    -4935.00000, 2396, 2171
    12195.00000,    -4905.00000, 2397, 2172
    12195.00000,    -4875.00000, 2398, 2173
    12225.00000,    -4845.00000, 2399, 2174
    12225.00000,    -4815.00000, 2400, 2175
    12255.00000,    -4785.00000, 2401, 2176
    12285.00000,    -4755.00000, 2402, 2177
    12315.00000,    -4725.00000, 2403, 2178
    12345.00000,    -4695.00000, 2404, 2179
    12375.00000,    -4665.00000, 2405, 2180
    12405.00000,    -4635.00000, 2406, 2181
