 x(s(i)),y(s(i)),s(i),i
    13215.00000,   -12855.00000,    1,    1
    13365.00000,   -12855.00000,    2,    2
    13185.00000,   -12825.00000,    3,    3
    13485.00000,   -12795.00000,    8,    4
    13515.00000,   -12765.00000,   12,    5
    13125.00000,   -12735.00000,   13,    6
    12555.00000,   -12705.00000,   18,    7
    12885.00000,   -12675.00000,   27,    8
    13995.00000,   -12675.00000,   32,    9
    13785.00000,   -12645.00000,   39,   10
    10395.00000,   -12615.00000,   41,   11
    12015.00000,   -12615.00000,   42,   12
    12675.00000,   -12615.00000,   48,   13
    13425.00000,   -12615.00000,   55,   14
    13665.00000,   -12615.00000,   56,   15
    11355.00000,   -12555.00000,   72,   16
    13035.00000,   -12555.00000,   86,   17
    13425.00000,   -12555.00000,   89,   18
    13635.00000,   -12555.00000,   90,   19
    14055.00000,   -12555.00000,   94,   20
    12495.00000,   -12525.00000,  107,   21
    12915.00000,   -12495.00000,  133,   22
    10965.00000,   -12465.00000,  143,   23
    11115.00000,   -12465.00000,  144,   24
    11235.00000,   -12465.00000,  145,   25
    10725.00000,   -12435.00000,  162,   26
    10815.00000,   -12435.00000,  163,   27
    11775.00000,   -12435.00000,  167,   28
    13365.00000,   -12405.00000,  194,   29
    13605.00000,   -12405.00000,  195,   30
    11445.00000,   -12375.00000,  210,   31
    11655.00000,   -12375.00000,  211,   32
    12075.00000,   -12375.00000,  213,   33
    10485.00000,   -12345.00000,  222,   34
    13215.00000,   -12345.00000,  237,   35
    12825.00000,   -12315.00000,  253,   36
    14025.00000,   -12315.00000,  260,   37
    12735.00000,   -12285.00000,  271,   38
    13365.00000,   -12285.00000,  275,   39
    12975.00000,   -12255.00000,  294,   40
    13575.00000,   -12255.00000,  298,   41
    12435.00000,   -12225.00000,  314,   42
    13905.00000,   -12225.00000,  325,   43
    12585.00000,   -12195.00000,  340,   44
    14145.00000,   -12165.00000,  365,   45
    12705.00000,   -12135.00000,  372,   46
    10965.00000,   -12105.00000,  384,   47
    11295.00000,   -12105.00000,  388,   48
    13935.00000,   -12105.00000,  404,   49
    11535.00000,   -12075.00000,  408,   50
    14295.00000,   -12075.00000,  422,   51
    11355.00000,   -12045.00000,  425,   52
    12675.00000,   -12045.00000,  431,   53
    13455.00000,   -12045.00000,  435,   54
    11805.00000,   -12015.00000,  443,   55
    12195.00000,   -12015.00000,  446,   56
    13035.00000,   -12015.00000,  453,   57
    14115.00000,   -12015.00000,  457,   58
    11745.00000,   -11985.00000,  467,   59
    13665.00000,   -11985.00000,  483,   60
    13965.00000,   -11985.00000,  487,   61
    11025.00000,   -11955.00000,  490,   62
    11445.00000,   -11955.00000,  494,   63
    11145.00000,   -11925.00000,  509,   64
    11205.00000,   -11925.00000,  510,   65
    13185.00000,   -11925.00000,  524,   66
    13425.00000,   -11925.00000,  527,   67
    13665.00000,   -11925.00000,  528,   68
    14355.00000,   -11925.00000,  534,   69
    11295.00000,   -11865.00000,  565,   70
    12465.00000,   -11865.00000,  572,   71
    11475.00000,   -11835.00000,  582,   72
    12285.00000,   -11835.00000,  586,   73
    13425.00000,   -11835.00000,  593,   74
    12975.00000,   -11805.00000,  606,   75
    13125.00000,   -11805.00000,  607,   76
    13995.00000,   -11805.00000,  613,   77
    13725.00000,   -11775.00000,  630,   78
    13575.00000,   -11745.00000,  651,   79
    14115.00000,   -11715.00000,  671,   80
    11565.00000,   -11685.00000,  675,   81
    14445.00000,   -11685.00000,  690,   82
    11715.00000,   -11655.00000,  692,   83
    12675.00000,   -11625.00000,  715,   84
    12045.00000,   -11595.00000,  725,   85
    13365.00000,   -11595.00000,  734,   86
    13005.00000,   -11565.00000,  750,   87
    13755.00000,   -11535.00000,  770,   88
    14205.00000,   -11535.00000,  774,   89
    12825.00000,   -11475.00000,  801,   90
    14295.00000,   -11475.00000,  810,   91
    12495.00000,   -11445.00000,  817,   92
    13695.00000,   -11445.00000,  824,   93
    13365.00000,   -11385.00000,  864,   94
    13605.00000,   -11355.00000,  882,   95
    12585.00000,   -11325.00000,  892,   96
    13125.00000,   -11325.00000,  896,   97
    14055.00000,   -11295.00000,  920,   98
    14145.00000,   -11295.00000,  921,   99
    12015.00000,   -11235.00000,  942,  100
    12705.00000,   -11205.00000,  963,  101
    13065.00000,   -11205.00000,  966,  102
    13515.00000,   -11175.00000,  985,  103
    13605.00000,   -11115.00000, 1018,  104
    12975.00000,   -11085.00000, 1030,  105
    13875.00000,   -11085.00000, 1038,  106
    14295.00000,   -11025.00000, 1076,  107
    13575.00000,   -10905.00000, 1128,  108
    14325.00000,   -10905.00000, 1133,  109
    12555.00000,   -10845.00000, 1147,  110
    14355.00000,   -10815.00000, 1174,  111
    13545.00000,   -10785.00000, 1183,  112
    13155.00000,   -10725.00000, 1206,  113
    13995.00000,   -10695.00000, 1227,  114
    14325.00000,   -10665.00000, 1248,  115
    13935.00000,   -10575.00000, 1277,  116
    12675.00000,   -10545.00000, 1281,  117
    14265.00000,   -10545.00000, 1297,  118
    14415.00000,   -10515.00000, 1316,  119
    12525.00000,   -10485.00000, 1318,  120
    12765.00000,   -10485.00000, 1321,  121
    13785.00000,   -10485.00000, 1324,  122
    13035.00000,   -10455.00000, 1336,  123
    13245.00000,   -10455.00000, 1337,  124
    14235.00000,   -10395.00000, 1374,  125
    14385.00000,   -10395.00000, 1375,  126
    13605.00000,   -10365.00000, 1383,  127
    14085.00000,   -10365.00000, 1385,  128
    13935.00000,   -10335.00000, 1395,  129
    13005.00000,   -10305.00000, 1406,  130
    13275.00000,   -10305.00000, 1408,  131
    13905.00000,   -10305.00000, 1410,  132
    13725.00000,   -10215.00000, 1447,  133
    13605.00000,   -10155.00000, 1475,  134
    13815.00000,   -10155.00000, 1476,  135
    12255.00000,   -10095.00000, 1486,  136
    12885.00000,   -10065.00000, 1500,  137
    13125.00000,   -10065.00000, 1501,  138
    13545.00000,   -10035.00000, 1512,  139
    13245.00000,   -10005.00000, 1516,  140
    13425.00000,   -10005.00000, 1519,  141
    13845.00000,   -10005.00000, 1520,  142
    13845.00000,    -9945.00000, 1543,  143
    12405.00000,    -9915.00000, 1545,  144
    12675.00000,    -9915.00000, 1548,  145
    12945.00000,    -9915.00000, 1550,  146
    13755.00000,    -9885.00000, 1561,  147
    12045.00000,    -9825.00000, 1572,  148
    13125.00000,    -9825.00000, 1580,  149
    13725.00000,    -9795.00000, 1596,  150
    12645.00000,    -9735.00000, 1613,  151
    13215.00000,    -9735.00000, 1618,  152
    11895.00000,    -9675.00000, 1628,  153
    12465.00000,    -9675.00000, 1634,  154
    13365.00000,    -9675.00000, 1638,  155
    13185.00000,    -9645.00000, 1650,  156
    13725.00000,    -9645.00000, 1654,  157
    12795.00000,    -9615.00000, 1658,  158
    12945.00000,    -9615.00000, 1659,  159
    13035.00000,    -9615.00000, 1661,  160
    12615.00000,    -9585.00000, 1672,  161
    13425.00000,    -9585.00000, 1674,  162
    13725.00000,    -9585.00000, 1678,  163
    12015.00000,    -9465.00000, 1717,  164
    13155.00000,    -9465.00000, 1725,  165
    12225.00000,    -9435.00000, 1734,  166
    13365.00000,    -9435.00000, 1741,  167
    13575.00000,    -9435.00000, 1744,  168
    13695.00000,    -9435.00000, 1745,  169
    12465.00000,    -9405.00000, 1753,  170
    13065.00000,    -9405.00000, 1758,  171
    12825.00000,    -9375.00000, 1764,  172
    13185.00000,    -9375.00000, 1765,  173
    13545.00000,    -9375.00000, 1766,  174
    12645.00000,    -9345.00000, 1769,  175
    12045.00000,    -9255.00000, 1776,  176
    11925.00000,    -9195.00000, 1784,  177
    12465.00000,    -9195.00000, 1788,  178
    12105.00000,    -9135.00000, 1795,  179
    12555.00000,    -9105.00000, 1799,  180
    12255.00000,    -9045.00000, 1808,  181
    12435.00000,    -8985.00000, 1818,  182
    11775.00000,    -8925.00000, 1824,  183
    12105.00000,    -8925.00000, 1827,  184
    12285.00000,    -8895.00000, 1835,  185
    12495.00000,    -8865.00000, 1842,  186
    11925.00000,    -8595.00000, 1883,  187
    11955.00000,    -8595.00000, 1884,  188
    12105.00000,    -8535.00000, 1894,  189
    11985.00000,    -8415.00000, 1909,  190
    11805.00000,    -8325.00000, 1921,  191
    11535.00000,    -8235.00000, 1931,  192
    11925.00000,    -8205.00000, 1938,  193
    11955.00000,    -8115.00000, 1952,  194
    11595.00000,    -8055.00000, 1960,  195
    11715.00000,    -7905.00000, 1990,  196
    11535.00000,    -7725.00000, 2020,  197
    11865.00000,    -7695.00000, 2028,  198
    11745.00000,    -7635.00000, 2040,  199
    11835.00000,    -7485.00000, 2067,  200
    11385.00000,    -7335.00000, 2088,  201
    11895.00000,    -7335.00000, 2092,  202
    11565.00000,    -7185.00000, 2118,  203
    11865.00000,    -7155.00000, 2127,  204
    11775.00000,    -7065.00000, 2143,  205
    11925.00000,    -7005.00000, 2156,  206
    11385.00000,    -6945.00000, 2164,  207
    11715.00000,    -6795.00000, 2193,  208
    12075.00000,    -6765.00000, 2203,  209
    12045.00000,    -6615.00000, 2224,  210
    11805.00000,    -6495.00000, 2233,  211
    11955.00000,    -6405.00000, 2245,  212
    11955.00000,    -6225.00000, 2263,  213
    11685.00000,    -6015.00000, 2275,  214
    11865.00000,    -5955.00000, 2282,  215
    11955.00000,    -5925.00000, 2286,  216
    12075.00000,    -5865.00000, 2292,  217
    11655.00000,    -5805.00000, 2296,  218
    12165.00000,    -5745.00000, 2308,  219
    11745.00000,    -5505.00000, 2329,  220
    11655.00000,    -5475.00000, 2332,  221
    12075.00000,    -5475.00000, 2335,  222
    11985.00000,    -5415.00000, 2344,  223
    12015.00000,    -5265.00000, 2360,  224
    12225.00000,    -5175.00000, 2373,  225
