   id           z           h           u           q          cc          cf         rho           e        zini       grd_w          hs          qs          sf       hsc/d        ifld             qa           qcca           qcfa
    1    46.70400     0.00000     0.00000     0.00000     0.00000     0.00000  1000.00000     0.00000    46.70400    -0.03804     1.00000     0.00000     0.10921     1.00000           1   0.00000E+000   0.00000E+000   0.00000E+000
    2    47.24200     0.00000     0.00000     0.00000     0.00000     0.00000  1000.00000     0.00000    47.24200    -0.03804     1.00000     0.00000     0.10921     1.00000           1   0.00000E+000   0.00000E+000   0.00000E+000
    3    47.52300     0.00000     0.00000     0.00000     0.00000     0.00000  1000.00000     0.00000    47.52300    -0.01987     1.00000     0.00000     0.05704     1.00000           1   0.00000E+000   0.00000E+000   0.00000E+000
    4    48.35800     0.00000     0.00000     0.00000     0.00000     0.00000  1000.00000     0.00000    48.35800    -0.05904     1.00000     0.00001     0.16950     1.00000           1   0.00000E+000   0.00000E+000   0.00000E+000
    5    49.73100     0.00000     0.00000     0.00000     0.00000     0.00000  1000.00000     0.00000    49.73100    -0.13730     1.00000     0.00001     0.39415     1.00000           1   0.00000E+000   0.00000E+000   0.00000E+000
    6    51.29900     0.00000     0.00000     0.00000     0.00000     0.00000  1000.00000     0.00000    51.29900    -0.11088     1.00000     0.00001     0.31829     1.00000           1   0.00000E+000   0.00000E+000   0.00000E+000
    7    52.02300     0.00000     0.00000     0.00000     0.00000     0.00000  1000.00000     0.00000    52.02300    -0.07240     1.00000     0.00001     0.20784     1.00000           1   0.00000E+000   0.00000E+000   0.00000E+000
    8    52.76400     0.00000     0.00000     0.00000     0.00000     0.00000  1000.00000     0.00000    52.76400    -0.05240     1.00000     0.00001     0.15042     1.00000           1   0.00000E+000   0.00000E+000   0.00000E+000
    9    53.69600     0.00000     0.00000     0.00000     0.00000     0.00000  1000.00000     0.00000    53.69600    -0.06590     1.00000     0.00001     0.18919     1.00000           1   0.00000E+000   0.00000E+000   0.00000E+000
   10    54.41800     0.00000     0.00000     0.00000     0.00000     0.00000  1000.00000     0.00000    54.41800    -0.07220     1.00000     0.00001     0.20727     1.00000           1   0.00000E+000   0.00000E+000   0.00000E+000
   11    55.48900     0.00000     0.00000     0.00000     0.00000     0.00000  1000.00000     0.00000    55.48900    -0.07573     1.00000     0.00001     0.21741     1.00000           1   0.00000E+000   0.00000E+000   0.00000E+000
   12    56.41000     0.00000     0.00000     0.00000     0.00000     0.00000  1000.00000     0.00000    56.41000    -0.06513     1.00000     0.00001     0.18696     1.00000           1   0.00000E+000   0.00000E+000   0.00000E+000
   13    56.85900     0.00000     0.00000     0.00000     0.00000     0.00000  1000.00000     0.00000    56.85900    -0.04490     1.00000     0.00000     0.12890     1.00000           1   0.00000E+000   0.00000E+000   0.00000E+000
   14    57.43000     0.00000     0.00000     0.00000     0.00000     0.00000  1000.00000     0.00000    57.43000    -0.05710     1.00000     0.00001     0.16392     1.00000           1   0.00000E+000   0.00000E+000   0.00000E+000
   15    58.60500     0.00000     0.00000     0.00000     0.00000     0.00000  1000.00000     0.00000    58.60500    -0.08309     1.00000     0.00001     0.23852     1.00000           1   0.00000E+000   0.00000E+000   0.00000E+000
   16    59.81700     0.00000     0.00000     0.00000     0.00000     0.00000  1000.00000     0.00000    59.81700    -0.08570     1.00000     0.00001     0.24603     1.00000           1   0.00000E+000   0.00000E+000   0.00000E+000
   17    61.50900     0.00000     0.00000     0.00000     0.00000     0.00000  1000.00000     0.00000    61.50900    -0.11964     1.00000     0.00001     0.34346     1.00000           1   0.00000E+000   0.00000E+000   0.00000E+000
   18    62.94700     0.00000     0.00000     0.00000     0.00000     0.00000  1000.00000     0.00000    62.94700    -0.10168     1.00000     0.00001     0.29190     1.00000           1   0.00000E+000   0.00000E+000   0.00000E+000
   19    64.16300     0.00000     0.00000     0.00000     0.00000     0.00000  1000.00000     0.00000    64.16300    -0.08599     1.00000     0.00001     0.24684     1.00000           1   0.00000E+000   0.00000E+000   0.00000E+000
   20    64.61000     0.00000     0.00000     0.00000     0.00000     0.00000  1000.00000     0.00000    64.61000    -0.04470     1.00000     0.00000     0.12832     1.00000           1   0.00000E+000   0.00000E+000   0.00000E+000
   21    65.33800     0.00000     0.00000     0.00000     0.00000     0.00000  1000.00000     0.00000    65.33800    -0.05148     1.00000     0.00001     0.14778     1.00000           1   0.00000E+000   0.00000E+000   0.00000E+000
   22    65.90400     0.00000     0.00000     0.00000     0.00000     0.00000  1000.00000     0.00000    65.90400    -0.04002     1.00000     0.00000     0.11489     1.00000           1   0.00000E+000   0.00000E+000   0.00000E+000
   23    66.20300     0.00000     0.00000     0.00000     0.00000     0.00000  1000.00000     0.00000    66.20300    -0.02990     1.00000     0.00000     0.08583     1.00000           1   0.00000E+000   0.00000E+000   0.00000E+000
   24    66.98900     0.00000     0.00000     0.00000     0.00000     0.00000  1000.00000     0.00000    66.98900    -0.05558     1.00000     0.00001     0.15955     1.00000           1   0.00000E+000   0.00000E+000   0.00000E+000
   25    67.51000     0.00000     0.00000     0.00000     0.00000     0.00000  1000.00000     0.00000    67.51000    -0.03684     1.00000     0.00000     0.10576     1.00000           1   0.00000E+000   0.00000E+000   0.00000E+000
   26    67.91500     0.00000     0.00000     0.00000     0.00000     0.00000  1000.00000     0.00000    67.91500    -0.04050     1.00000     0.00000     0.11626     1.00000           1   0.00000E+000   0.00000E+000   0.00000E+000
   27    68.64600     0.00000     0.00000     0.00000     0.00000     0.00000  1000.00000     0.00000    68.64600    -0.07310     1.00000     0.00001     0.20985     1.00000           1   0.00000E+000   0.00000E+000   0.00000E+000
   28    69.97400     0.00000     0.00000     0.00000     0.00000     0.00000  1000.00000     0.00000    69.97400    -0.13280     1.00000     0.00001     0.38123     1.00000           1   0.00000E+000   0.00000E+000   0.00000E+000
   29    70.78700     0.00000     0.00000     0.00000     0.00000     0.00000  1000.00000     0.00000    70.78700    -0.08130     1.00000     0.00001     0.23339     1.00000           1   0.00000E+000   0.00000E+000   0.00000E+000
   30    71.72200     0.00000     0.00000     0.00000     0.00000     0.00000  1000.00000     0.00000    71.72200    -0.06612     1.00000     0.00001     0.18980     1.00000           1   0.00000E+000   0.00000E+000   0.00000E+000
   31    72.28100     0.00000     0.00000     0.00000     0.00000     0.00000  1000.00000     0.00000    72.28100    -0.05590     1.00000     0.00001     0.16047     1.00000           1   0.00000E+000   0.00000E+000   0.00000E+000
   32    73.62300     0.00000     0.00000     0.00000     0.00000     0.00000  1000.00000     0.00000    73.62300    -0.09489     1.00000     0.00001     0.27242     1.00000           1   0.00000E+000   0.00000E+000   0.00000E+000
   33    74.69800     0.00000     0.00000     0.00000     0.00000     0.00000  1000.00000     0.00000    74.69800    -0.10750     1.00000     0.00001     0.30860     1.00000           1   0.00000E+000   0.00000E+000   0.00000E+000
   34    75.74400     0.00000     0.00000     0.00000     0.00000     0.00000  1000.00000     0.00000    75.74400    -0.07396     1.00000     0.00001     0.21233     1.00000           1   0.00000E+000   0.00000E+000   0.00000E+000
   35    76.56500     0.00000     0.00000     0.00000     0.00000     0.00000  1000.00000     0.00000    76.56500    -0.08210     1.00000     0.00001     0.23569     1.00000           1   0.00000E+000   0.00000E+000   0.00000E+000
   36    77.94700     0.00000     0.00000     0.00000     0.00000     0.00000  1000.00000     0.00000    77.94700    -0.09772     1.00000     0.00001     0.28054     1.00000           1   0.00000E+000   0.00000E+000   0.00000E+000
   37    79.43500     0.00000     0.00000     0.00000     0.00000     0.00000  1000.00000     0.00000    79.43500    -0.10522     1.00000     0.00001     0.30205     1.00000           1   0.00000E+000   0.00000E+000   0.00000E+000
   38    80.84200     0.00000     0.00000     0.00000     0.00000     0.00000  1000.00000     0.00000    80.84200    -0.09949     1.00000     0.00001     0.28561     1.00000           1   0.00000E+000   0.00000E+000   0.00000E+000
   39    81.52500     0.00000     0.00000     0.00000     0.00000     0.00000  1000.00000     0.00000    81.52500    -0.06830     1.00000     0.00001     0.19607     1.00000           1   0.00000E+000   0.00000E+000   0.00000E+000
   40    82.19000     0.00000     0.00000     0.00000     0.00000     0.00000  1000.00000     0.00000    82.19000    -0.04702     1.00000     0.00000     0.13499     1.00000           1   0.00000E+000   0.00000E+000   0.00000E+000
   41    82.60000     0.00000     0.00000     0.00000     0.00000     0.00000  1000.00000     0.00000    82.60000    -0.04100     1.00000     0.00000     0.11770     1.00000           1   0.00000E+000   0.00000E+000   0.00000E+000
   42    83.34300     0.00000     0.00000     0.00000     0.00000     0.00000  1000.00000     0.00000    83.34300    -0.05254     1.00000     0.00001     0.15082     1.00000           1   0.00000E+000   0.00000E+000   0.00000E+000
   43    84.26900     0.00000     0.00000     0.00000     0.00000     0.00000  1000.00000     0.00000    84.26900    -0.06548     1.00000     0.00001     0.18797     1.00000           1   0.00000E+000   0.00000E+000   0.00000E+000
   44    84.76700     0.00000     0.00000     0.00000     0.00000     0.00000  1000.00000     0.00000    84.76700    -0.04980     1.00000     0.00000     0.14296     1.00000           1   0.00000E+000   0.00000E+000   0.00000E+000
   45    85.60600     0.00000     0.00000     0.00000     0.00000     0.00000  1000.00000     0.00000    85.60600    -0.05933     1.00000     0.00001     0.17031     1.00000           1   0.00000E+000   0.00000E+000   0.00000E+000
   46    86.32800     0.00000     0.00000     0.00000     0.00000     0.00000  1000.00000     0.00000    86.32800    -0.07220     1.00000     0.00001     0.20727     1.00000           1   0.00000E+000   0.00000E+000   0.00000E+000
   47    87.02700     0.00000     0.00000     0.00000     0.00000     0.00000  1000.00000     0.00000    87.02700    -0.06990     1.00000     0.00001     0.20066     1.00000           1   0.00000E+000   0.00000E+000   0.00000E+000
   48    88.07000     0.00000     0.00000     0.00000     0.00000     0.00000  1000.00000     0.00000    88.07000    -0.07375     1.00000     0.00001     0.21172     1.00000           1   0.00000E+000   0.00000E+000   0.00000E+000
   49    89.32200     0.00000     0.00000     0.00000     0.00000     0.00000  1000.00000     0.00000    89.32200    -0.08853     1.00000     0.00001     0.25415     1.00000           1   0.00000E+000   0.00000E+000   0.00000E+000
   50    90.64900     0.00000     0.00000     0.00000     0.00000     0.00000  1000.00000     0.00000    90.64900    -0.13270     1.00000     0.00001     0.38094     1.00000           1   0.00000E+000   0.00000E+000   0.00000E+000
   51    91.62600     0.00000     0.00000     0.00000     0.00000     0.00000  1000.00000     0.00000    91.62600    -0.06908     1.00000     0.00001     0.19832     1.00000           1   0.00000E+000   0.00000E+000   0.00000E+000
   52    92.19900     0.00000     0.00000     0.00000     0.00000     0.00000  1000.00000     0.00000    92.19900    -0.04052     1.00000     0.00000     0.11631     1.00000           1   0.00000E+000   0.00000E+000   0.00000E+000
   53    92.94100     0.00000     0.00000     0.00000     0.00000     0.00000  1000.00000     0.00000    92.94100    -0.05247     1.00000     0.00001     0.15062     1.00000           1   0.00000E+000   0.00000E+000   0.00000E+000
   54    93.64500     0.00000     0.00000     0.00000     0.00000     0.00000  1000.00000     0.00000    93.64500    -0.07040     1.00000     0.00001     0.20210     1.00000           1   0.00000E+000   0.00000E+000   0.00000E+000
   55    94.60800     0.00000     0.00000     0.00000     0.00000     0.00000  1000.00000     0.00000    94.60800    -0.09630     1.00000     0.00001     0.27645     1.00000           1   0.00000E+000   0.00000E+000   0.00000E+000
   56    95.77500     0.00000     0.00000     0.00000     0.00000     0.00000  1000.00000     0.00000    95.77500    -0.08252     1.00000     0.00001     0.23689     1.00000           1   0.00000E+000   0.00000E+000   0.00000E+000
   57    96.62800     0.00000     0.00000     0.00000     0.00000     0.00000  1000.00000     0.00000    96.62800    -0.06032     1.00000     0.00001     0.17315     1.00000           1   0.00000E+000   0.00000E+000   0.00000E+000
   58    97.14800     0.00000     0.00000     0.00000     0.00000     0.00000  1000.00000     0.00000    97.14800    -0.03677     1.00000     0.00000     0.10556     1.00000           1   0.00000E+000   0.00000E+000   0.00000E+000
   59    97.83800     0.00000     0.00000     0.00000     0.00000     0.00000  1000.00000     0.00000    97.83800    -0.06900     1.00000     0.00001     0.19808     1.00000           1   0.00000E+000   0.00000E+000   0.00000E+000
   60    98.57600     0.00000     0.00000     0.00000     0.00000     0.00000  1000.00000     0.00000    98.57600    -0.05219     1.00000     0.00001     0.14981     1.00000           1   0.00000E+000   0.00000E+000   0.00000E+000
   61    99.45200     0.00000     0.00000     0.00000     0.00000     0.00000  1000.00000     0.00000    99.45200    -0.08760     1.00000     0.00001     0.25148     1.00000           1   0.00000E+000   0.00000E+000   0.00000E+000
   62   100.39500     0.00000     0.00000     0.00000     0.00000     0.00000  1000.00000     0.00000   100.39500    -0.06668     1.00000     0.00001     0.19142     1.00000           1   0.00000E+000   0.00000E+000   0.00000E+000
   63   101.42300     0.00000     0.00000     0.00000     0.00000     0.00000  1000.00000     0.00000   101.42300    -0.07269     1.00000     0.00001     0.20868     1.00000           1   0.00000E+000   0.00000E+000   0.00000E+000
   64   102.45500     0.00000     0.00000     0.00000     0.00000     0.00000  1000.00000     0.00000   102.45500    -0.07297     1.00000     0.00001     0.20949     1.00000           1   0.00000E+000   0.00000E+000   0.00000E+000
   65   103.06500     0.00000     0.00000     0.00000     0.00000     0.00000  1000.00000     0.00000   103.06500    -0.04313     1.00000     0.00000     0.12383     1.00000           1   0.00000E+000   0.00000E+000   0.00000E+000
   66   103.93400     0.00000     0.00000     0.00000     0.00000     0.00000  1000.00000     0.00000   103.93400    -0.06145     1.00000     0.00001     0.17640     1.00000           1   0.00000E+000   0.00000E+000   0.00000E+000
   67   105.05000     0.00000     0.00000     0.00000     0.00000     0.00000  1000.00000     0.00000   105.05000    -0.07891     1.00000     0.00001     0.22654     1.00000           1   0.00000E+000   0.00000E+000   0.00000E+000
   68   106.20300     0.00000     0.00000     0.00000     0.00000     0.00000  1000.00000     0.00000   106.20300    -0.11530     1.00000     0.00001     0.33099     1.00000           1   0.00000E+000   0.00000E+000   0.00000E+000
   69   108.19800     0.00000     0.00000     0.00000     0.00000     0.00000  1000.00000     0.00000   108.19800    -0.19950     1.00000     0.00002     0.57271     1.00000           1   0.00000E+000   0.00000E+000   0.00000E+000
   70   111.50300     0.00000     0.00000     0.00000     0.00000     0.00000  1000.00000     0.00000   111.50300    -0.23370     1.00000     0.00002     0.67089     1.00000           1   0.00000E+000   0.00000E+000   0.00000E+000
   71   115.86800     0.00000     0.00000     0.00000     0.00000     0.00000  1000.00000     0.00000   115.86800    -0.43650     0.99999     0.00004     1.25306     0.70502           1   0.00000E+000   0.00000E+000   0.00000E+000
   72   117.68200     0.00000     0.00000     0.00000     0.00000     0.00000  1000.00000     0.00000   117.68200    -0.18140     1.00000     0.00002     0.52075     1.00000           1   0.00000E+000   0.00000E+000   0.00000E+000
   73   119.12900     0.00000     0.00000     0.00000     0.00000     0.00000  1000.00000     0.00000   119.12900    -0.10232     1.00000     0.00001     0.29373     1.00000           1   0.00000E+000   0.00000E+000   0.00000E+000
   74   120.14500     0.00000     0.00000     0.00000     0.00000     0.00000  1000.00000     0.00000   120.14500    -0.10160     1.00000     0.00001     0.29167     1.00000           1   0.00000E+000   0.00000E+000   0.00000E+000
   75   121.46600     0.00000     0.00000     0.00000     0.00000     0.00000  1000.00000     0.00000   121.46600    -0.13210     1.00000     0.00001     0.37922     1.00000           1   0.00000E+000   0.00000E+000   0.00000E+000
   76   122.44900     0.00000     0.00000     0.00000     0.00000     0.00000  1000.00000     0.00000   122.44900    -0.06951     1.00000     0.00001     0.19954     1.00000           1   0.00000E+000   0.00000E+000   0.00000E+000
   77   123.22200     0.00000     0.00000     0.00000     0.00000     0.00000  1000.00000     0.00000   123.22200    -0.07730     1.00000     0.00001     0.22191     1.00000           1   0.00000E+000   0.00000E+000   0.00000E+000
   78   124.23700     0.00000     0.00000     0.00000     0.00000     0.00000  1000.00000     0.00000   124.23700    -0.10150     1.00000     0.00001     0.29138     1.00000           1   0.00000E+000   0.00000E+000   0.00000E+000
   79   125.22200     0.00000     0.00000     0.00000     0.00000     0.00000  1000.00000     0.00000   125.22200    -0.09850     1.00000     0.00001     0.28277     1.00000           1   0.00000E+000   0.00000E+000   0.00000E+000
   80   126.33800     0.00000     0.00000     0.00000     0.00000     0.00000  1000.00000     0.00000   126.33800    -0.07891     1.00000     0.00001     0.22654     1.00000           1   0.00000E+000   0.00000E+000   0.00000E+000
   81   127.13700     0.00000     0.00000     0.00000     0.00000     0.00000  1000.00000     0.00000   127.13700    -0.07990     1.00000     0.00001     0.22937     1.00000           1   0.00000E+000   0.00000E+000   0.00000E+000
   82   129.86500     0.00000     0.00000     0.00000     0.00000     0.00000  1000.00000     0.00000   129.86500    -0.19290     1.00000     0.00002     0.55376     1.00000           1   0.00000E+000   0.00000E+000   0.00000E+000
   83   131.68500     0.00000     0.00000     0.00000     0.00000     0.00000  1000.00000     0.00000   131.68500    -0.18200     1.00000     0.00002     0.52247     1.00000           1   0.00000E+000   0.00000E+000   0.00000E+000
   84   134.38500     0.00000     0.00000     0.00000     0.00000     0.00000  1000.00000     0.00000   134.38500    -0.19092     1.00000     0.00002     0.54808     1.00000           1   0.00000E+000   0.00000E+000   0.00000E+000
   85   136.91700     0.00000     0.00000     0.00000     0.00000     0.00000  1000.00000     0.00000   136.91700    -0.17904     1.00000     0.00002     0.51398     1.00000           1   0.00000E+000   0.00000E+000   0.00000E+000
   86   139.54500     0.00000     0.00000     0.00000     0.00000     0.00000  1000.00000     0.00000   139.54500    -0.18583     1.00000     0.00002     0.53346     1.00000           1   0.00000E+000   0.00000E+000   0.00000E+000
   87   141.81700     0.00000     0.00000     0.00000     0.00000     0.00000  1000.00000     0.00000   141.81700    -0.16066     1.00000     0.00002     0.46120     1.00000           1   0.00000E+000   0.00000E+000   0.00000E+000
   88   143.15600     0.00000     0.00000     0.00000     0.00000     0.00000  1000.00000     0.00000   143.15600    -0.13390     1.00000     0.00001     0.38439     1.00000           1   0.00000E+000   0.00000E+000   0.00000E+000
   89   144.42500     0.00000     0.00000     0.00000     0.00000     0.00000  1000.00000     0.00000   144.42500    -0.08973     1.00000     0.00001     0.25760     1.00000           1   0.00000E+000   0.00000E+000   0.00000E+000
   90   145.47300     0.00000     0.00000     0.00000     0.00000     0.00000  1000.00000     0.00000   145.47300    -0.07411     1.00000     0.00001     0.21274     1.00000           1   0.00000E+000   0.00000E+000   0.00000E+000
   91   146.66700     0.00000     0.00000     0.00000     0.00000     0.00000  1000.00000     0.00000   146.66700    -0.11940     1.00000     0.00001     0.34276     1.00000           1   0.00000E+000   0.00000E+000   0.00000E+000
   92   148.15000     0.00000     0.00000     0.00000     0.00000     0.00000  1000.00000     0.00000   148.15000    -0.14830     1.00000     0.00001     0.42573     1.00000           1   0.00000E+000   0.00000E+000   0.00000E+000
   93   149.30000     0.00000     0.00000     0.00000     0.00000     0.00000  1000.00000     0.00000   149.30000    -0.08132     1.00000     0.00001     0.23344     1.00000           1   0.00000E+000   0.00000E+000   0.00000E+000
   94   150.81400     0.00000     0.00000     0.00000     0.00000     0.00000  1000.00000     0.00000   150.81400    -0.15140     1.00000     0.00002     0.43463     1.00000           1   0.00000E+000   0.00000E+000   0.00000E+000
   95   152.07700     0.00000     0.00000     0.00000     0.00000     0.00000  1000.00000     0.00000   152.07700    -0.12630     1.00000     0.00001     0.36257     1.00000           1   0.00000E+000   0.00000E+000   0.00000E+000
   96   153.07000     0.00000     0.00000     0.00000     0.00000     0.00000  1000.00000     0.00000   153.07000    -0.09930     1.00000     0.00001     0.28506     1.00000           1   0.00000E+000   0.00000E+000   0.00000E+000
   97   153.66300     0.00000     0.00000     0.00000     0.00000     0.00000  1000.00000     0.00000   153.66300    -0.05930     1.00000     0.00001     0.17023     1.00000           1   0.00000E+000   0.00000E+000   0.00000E+000
   98   154.24600     0.00000     0.00000     0.00000     0.00000     0.00000  1000.00000     0.00000   154.24600    -0.05830     1.00000     0.00001     0.16736     1.00000           1   0.00000E+000   0.00000E+000   0.00000E+000
   99   155.57200     0.00000     0.00000     0.00000     0.00000     0.00000  1000.00000     0.00000   155.57200    -0.13260     1.00000     0.00001     0.38066     1.00000           1   0.00000E+000   0.00000E+000   0.00000E+000
  100   156.79200     0.00000     0.00000     0.00000     0.00000     0.00000  1000.00000     0.00000   156.79200    -0.12200     1.00000     0.00001     0.35023     1.00000           1   0.00000E+000   0.00000E+000   0.00000E+000
  101   157.83300     0.00000     0.00000     0.00000     0.00000     0.00000  1000.00000     0.00000   157.83300    -0.10410     1.00000     0.00001     0.29884     1.00000           1   0.00000E+000   0.00000E+000   0.00000E+000
  102   159.34100     0.00000     0.00000     0.00000     0.00000     0.00000  1000.00000     0.00000   159.34100    -0.15080     1.00000     0.00002     0.43291     1.00000           1   0.00000E+000   0.00000E+000   0.00000E+000
  103   163.07500     0.00000     0.00000     0.00000     0.00000     0.00000  1000.00000     0.00000   163.07500    -0.26404     1.00000     0.00003     0.75798     1.00000           1   0.00000E+000   0.00000E+000   0.00000E+000
  104   172.35300     0.00000     0.00000     0.00000     0.00000     0.00000  1000.00000     0.00000   172.35300    -0.34350     0.99999     0.00003     0.98608     1.00000           1   0.00000E+000   0.00000E+000   0.00000E+000
  105   168.91800     0.00000     0.00000     0.00000     0.00000     0.00000  1000.00000     0.00000   168.91800    -0.41317     1.00000     0.00004     1.18608     0.77964           1   0.00000E+000   0.00000E+000   0.00000E+000
  106   176.63400     0.00000     0.00000     0.00000     0.00000     0.00000  1000.00000     0.00000   176.63400    -0.27400     0.99999     0.00003     0.78657     1.00000           1   0.00000E+000   0.00000E+000   0.00000E+000
  107   173.89400     0.00000     0.00000     0.00000     0.00000     0.00000  1000.00000     0.00000   173.89400    -0.10897     1.00000     0.00001     0.31281     1.00000           1   0.00000E+000   0.00000E+000   0.00000E+000
  108   178.77500     0.00000     0.00000     0.00000     0.00000     0.00000  1000.00000     0.00000   178.77500    -0.15139     1.00000     0.00002     0.43461     1.00000           1   0.00000E+000   0.00000E+000   0.00000E+000
  109   183.06800     0.00000     0.00000     0.00000     0.00000     0.00000  1000.00000     0.00000   183.06800    -0.30356     1.00000     0.00003     0.87145     1.00000           1   0.00000E+000   0.00000E+000   0.00000E+000
  110   185.15200     0.00000     0.00000     0.00000     0.00000     0.00000  1000.00000     0.00000   185.15200    -0.20840     1.00000     0.00002     0.59826     1.00000           1   0.00000E+000   0.00000E+000   0.00000E+000
  111   188.55700     0.00000     0.00000     0.00000     0.00000     0.00000  1000.00000     0.00000   188.55700    -0.34050     0.99999     0.00003     0.97748     1.00000           1   0.00000E+000   0.00000E+000   0.00000E+000
  112   191.63400     0.00000     0.00000     0.00000     0.00000     0.00000  1000.00000     0.00000   191.63400    -0.21758     1.00000     0.00002     0.62461     1.00000           1   0.00000E+000   0.00000E+000   0.00000E+000
  113   193.14600     0.00000     0.00000     0.00000     0.00000     0.00000  1000.00000     0.00000   193.14600    -0.15120     1.00000     0.00002     0.43405     1.00000           1   0.00000E+000   0.00000E+000   0.00000E+000
  114   195.29400     0.00000     0.00000     0.00000     0.00000     0.00000  1000.00000     0.00000   195.29400    -0.21480     1.00000     0.00002     0.61663     1.00000           1   0.00000E+000   0.00000E+000   0.00000E+000
  115   197.32900     0.00000     0.00000     0.00000     0.00000     0.00000  1000.00000     0.00000   197.32900    -0.20350     1.00000     0.00002     0.58419     1.00000           1   0.00000E+000   0.00000E+000   0.00000E+000
  116   199.66700     0.00000     0.00000     0.00000     0.00000     0.00000  1000.00000     0.00000   199.66700    -0.16532     1.00000     0.00002     0.47460     1.00000           1   0.00000E+000   0.00000E+000   0.00000E+000
  117   201.74900     0.00000     0.00000     0.00000     0.00000     0.00000  1000.00000     0.00000   201.74900    -0.20820     1.00000     0.00002     0.59768     1.00000           1   0.00000E+000   0.00000E+000   0.00000E+000
  118   204.72000     0.00000     0.00000     0.00000     0.00000     0.00000  1000.00000     0.00000   204.72000    -0.21008     1.00000     0.00002     0.60309     1.00000           1   0.00000E+000   0.00000E+000   0.00000E+000
  119   208.52500     0.00000     0.00000     0.00000     0.00000     0.00000  1000.00000     0.00000   208.52500    -0.26906     1.00000     0.00003     0.77239     1.00000           1   0.00000E+000   0.00000E+000   0.00000E+000
  120   211.42900     0.00000     0.00000     0.00000     0.00000     0.00000  1000.00000     0.00000   211.42900    -0.20535     1.00000     0.00002     0.58949     1.00000           1   0.00000E+000   0.00000E+000   0.00000E+000
  121   213.72400     0.00000     0.00000     0.00000     0.00000     0.00000  1000.00000     0.00000   213.72400    -0.22950     0.99999     0.00002     0.65883     1.00000           1   0.00000E+000   0.00000E+000   0.00000E+000
  122   214.48100     0.00000     0.00000     0.00000     0.00000     0.00000  1000.00000     0.00000   214.48100    -0.05353     1.00000     0.00001     0.15367     1.00000           1   0.00000E+000   0.00000E+000   0.00000E+000
  123   217.80400     0.00000     0.00000     0.00000     0.00000     0.00000  1000.00000     0.00000   217.80400    -0.23497     1.00000     0.00002     0.67454     1.00000           1   0.00000E+000   0.00000E+000   0.00000E+000
  124   220.19900     0.00000     0.00000     0.00000     0.00000     0.00000  1000.00000     0.00000   220.19900    -0.23950     1.00000     0.00002     0.68754     1.00000           1   0.00000E+000   0.00000E+000   0.00000E+000
  125   224.49500     0.00000     0.00000     0.00000     0.00000     0.00000  1000.00000     0.00000   224.49500    -0.42960     1.00000     0.00004     1.23326     0.72684           1   0.00000E+000   0.00000E+000   0.00000E+000
  126   232.26300     0.00000     0.00000     0.00000     0.00000     0.00000  1000.00000     0.00000   232.26300    -0.54929     1.00000     0.00005     1.57685     0.37504           1   0.00000E+000   0.00000E+000   0.00000E+000
  127   240.05200     0.00000     0.00000     0.00000     0.00000     0.00000  1000.00000     0.00000   240.05200    -0.55077     1.00000     0.00006     1.58111     0.37101           1   0.00000E+000   0.00000E+000   0.00000E+000
  128   247.50400     0.00000     0.00000     0.00000     0.00000     0.00000  1000.00000     0.00000   247.50400    -0.52694     0.99999     0.00005     1.51269     0.43667           1   0.00000E+000   0.00000E+000   0.00000E+000
  129   250.04500     0.00000     0.00000     0.00000     0.00000     0.00000  1000.00000     0.00000   250.04500    -0.17968     1.00000     0.00002     0.51580     1.00000           1   0.00000E+000   0.00000E+000   0.00000E+000
  130   253.42700     0.00000     0.00000     0.00000     0.00000     0.00000  1000.00000     0.00000   253.42700    -0.23915     1.00000     0.00002     0.68652     1.00000           1   0.00000E+000   0.00000E+000   0.00000E+000
  131   256.64600     0.00000     0.00000     0.00000     0.00000     0.00000  1000.00000     0.00000   256.64600    -0.22762     1.00000     0.00002     0.65343     1.00000           1   0.00000E+000   0.00000E+000   0.00000E+000
  132   260.60700     0.00000     0.00000     0.00000     0.00000     0.00000  1000.00000     0.00000   260.60700    -0.14070     1.00000     0.00001     0.40391     1.00000           1   0.00000E+000   0.00000E+000   0.00000E+000
  133   259.20000     0.00000     0.00000     0.00000     0.00000     0.00000  1000.00000     0.00000   259.20000    -0.18060     1.00000     0.00002     0.51844     1.00000           1   0.00000E+000   0.00000E+000   0.00000E+000
  134   262.89200     0.00000     0.00000     0.00000     0.00000     0.00000  1000.00000     0.00000   262.89200    -0.16158     1.00000     0.00002     0.46384     1.00000           1   0.00000E+000   0.00000E+000   0.00000E+000
  135   264.55400     0.00000     0.00000     0.00000     0.00000     0.00000  1000.00000     0.00000   264.55400    -0.16620     1.00000     0.00002     0.47711     1.00000           1   0.00000E+000   0.00000E+000   0.00000E+000
  136   266.46400     0.00000     0.00000     0.00000     0.00000     0.00000  1000.00000     0.00000   266.46400    -0.13506     1.00000     0.00001     0.38772     1.00000           1   0.00000E+000   0.00000E+000   0.00000E+000
  137   268.94200     0.00000     0.00000     0.00000     0.00000     0.00000  1000.00000     0.00000   268.94200    -0.17522     1.00000     0.00002     0.50302     1.00000           1   0.00000E+000   0.00000E+000   0.00000E+000
  138   271.41100     0.00000     0.00000     0.00000     0.00000     0.00000  1000.00000     0.00000   271.41100    -0.17459     1.00000     0.00002     0.50119     1.00000           1   0.00000E+000   0.00000E+000   0.00000E+000
  139   278.31000     0.00000     0.00000     0.00000     0.00000     0.00000  1000.00000     0.00000   278.31000    -0.11680     1.00000     0.00001     0.33530     1.00000           1   0.00000E+000   0.00000E+000   0.00000E+000
  140   277.14200     0.00000     0.00000     0.00000     0.00000     0.00000  1000.00000     0.00000   277.14200    -0.16530     1.00000     0.00002     0.47453     1.00000           1   0.00000E+000   0.00000E+000   0.00000E+000
  141   275.48900     0.00000     0.00000     0.00000     0.00000     0.00000  1000.00000     0.00000   275.48900    -0.17040     1.00000     0.00002     0.48917     1.00000           1   0.00000E+000   0.00000E+000   0.00000E+000
  142   273.78500     0.00000     0.00000     0.00000     0.00000     0.00000  1000.00000     0.00000   273.78500    -0.16787     1.00000     0.00002     0.48190     1.00000           1   0.00000E+000   0.00000E+000   0.00000E+000
  143   281.48900     0.00000     0.00000     0.00000     0.00000     0.00000  1000.00000     0.00000   281.48900    -0.08820     1.00000     0.00001     0.25320     1.00000           1   0.00000E+000   0.00000E+000   0.00000E+000
  144   280.60700     0.00000     0.00000     0.00000     0.00000     0.00000  1000.00000     0.00000   280.60700    -0.08880     1.00000     0.00001     0.25492     1.00000           1   0.00000E+000   0.00000E+000   0.00000E+000
  145   279.71900     0.00000     0.00000     0.00000     0.00000     0.00000  1000.00000     0.00000   279.71900    -0.06450     1.00000     0.00001     0.18516     1.00000           1   0.00000E+000   0.00000E+000   0.00000E+000
  146   279.07400     0.00000     0.00000     0.00000     0.00000     0.00000  1000.00000     0.00000   279.07400    -0.05402     1.00000     0.00001     0.15509     1.00000           1   0.00000E+000   0.00000E+000   0.00000E+000
  147   282.08900     0.00000     0.00000     0.00000     0.00000     0.00000  1000.00000     0.00000   282.08900    -0.04243     1.00000     0.00000     0.12180     1.00000           1   0.00000E+000   0.00000E+000   0.00000E+000
  148   283.40700     0.00000     0.00000     0.00000     0.00000     0.00000  1000.00000     0.00000   283.40700    -0.09320     1.00000     0.00001     0.26754     1.00000           1   0.00000E+000   0.00000E+000   0.00000E+000
  149   284.50900     0.00000     0.00000     0.00000     0.00000     0.00000  1000.00000     0.00000   284.50900    -0.11020     1.00000     0.00001     0.31635     1.00000           1   0.00000E+000   0.00000E+000   0.00000E+000
  150   285.12000     0.00000     0.00000     0.00000     0.00000     0.00000  1000.00000     0.00000   285.12000    -0.06110     1.00000     0.00001     0.17540     1.00000           1   0.00000E+000   0.00000E+000   0.00000E+000
  151   286.14400     0.00000     0.00000     0.00000     0.00000     0.00000  1000.00000     0.00000   286.14400    -0.07241     1.00000     0.00001     0.20786     1.00000           1   0.00000E+000   0.00000E+000   0.00000E+000
  152   286.46700     0.00000     0.00000     0.00000     0.00000     0.00000  1000.00000     0.00000   286.46700    -0.03230     1.00000     0.00000     0.09272     1.00000           1   0.00000E+000   0.00000E+000   0.00000E+000
  153   286.82700     0.00000     0.00000     0.00000     0.00000     0.00000  1000.00000     0.00000   286.82700    -0.03600     1.00000     0.00000     0.10335     1.00000           1   0.00000E+000   0.00000E+000   0.00000E+000
  154   288.01400     0.00000     0.00000     0.00000     0.00000     0.00000  1000.00000     0.00000   288.01400    -0.08393     1.00000     0.00001     0.24095     1.00000           1   0.00000E+000   0.00000E+000   0.00000E+000
  155   290.37200     0.00000     0.00000     0.00000     0.00000     0.00000  1000.00000     0.00000   290.37200    -0.16674     1.00000     0.00002     0.47866     1.00000           1   0.00000E+000   0.00000E+000   0.00000E+000
  156   291.98600     0.00000     0.00000     0.00000     0.00000     0.00000  1000.00000     0.00000   291.98600    -0.11413     1.00000     0.00001     0.32763     1.00000           1   0.00000E+000   0.00000E+000   0.00000E+000
  157   294.73600     0.00000     0.00000     0.00000     0.00000     0.00000  1000.00000     0.00000   294.73600    -0.19446     1.00000     0.00002     0.55823     1.00000           1   0.00000E+000   0.00000E+000   0.00000E+000
  158   297.55800     0.00000     0.00000     0.00000     0.00000     0.00000  1000.00000     0.00000   297.55800    -0.19955     1.00000     0.00002     0.57285     1.00000           1   0.00000E+000   0.00000E+000   0.00000E+000
  159   300.38200     0.00000     0.00000     0.00000     0.00000     0.00000  1000.00000     0.00000   300.38200    -0.19969     1.00000     0.00002     0.57325     1.00000           1   0.00000E+000   0.00000E+000   0.00000E+000
  160   302.76800     0.00000     0.00000     0.00000     0.00000     0.00000  1000.00000     0.00000   302.76800    -0.16872     1.00000     0.00002     0.48434     1.00000           1   0.00000E+000   0.00000E+000   0.00000E+000
  161   305.75800     0.00000     0.00000     0.00000     0.00000     0.00000  1000.00000     0.00000   305.75800    -0.21143     1.00000     0.00002     0.60695     1.00000           1   0.00000E+000   0.00000E+000   0.00000E+000
  162   308.20400     0.00000     0.00000     0.00000     0.00000     0.00000  1000.00000     0.00000   308.20400    -0.17296     1.00000     0.00002     0.49652     1.00000           1   0.00000E+000   0.00000E+000   0.00000E+000
  163   310.90800     0.00000     0.00000     0.00000     0.00000     0.00000  1000.00000     0.00000   310.90800    -0.19120     1.00000     0.00002     0.54889     1.00000           1   0.00000E+000   0.00000E+000   0.00000E+000
  164   313.32400     0.00000     0.00000     0.00000     0.00000     0.00000  1000.00000     0.00000   313.32400    -0.17084     1.00000     0.00002     0.49043     1.00000           1   0.00000E+000   0.00000E+000   0.00000E+000
  165   315.35400     0.00000     0.00000     0.00000     0.00000     0.00000  1000.00000     0.00000   315.35400    -0.14354     1.00000     0.00001     0.41207     1.00000           1   0.00000E+000   0.00000E+000   0.00000E+000
  166   317.16200     0.00000     0.00000     0.00000     0.00000     0.00000  1000.00000     0.00000   317.16200    -0.12785     1.00000     0.00001     0.36701     1.00000           1   0.00000E+000   0.00000E+000   0.00000E+000
  167   319.90200     0.00000     0.00000     0.00000     0.00000     0.00000  1000.00000     0.00000   319.90200    -0.19375     1.00000     0.00002     0.55620     1.00000           1   0.00000E+000   0.00000E+000   0.00000E+000
  168   322.61500     0.00000     0.00000     0.00000     0.00000     0.00000  1000.00000     0.00000   322.61500    -0.19184     1.00000     0.00002     0.55072     1.00000           1   0.00000E+000   0.00000E+000   0.00000E+000
  169   334.28200     0.00000     0.00000     0.00000     0.00000     0.00000  1000.00000     0.00000   334.28200    -0.13380     1.00000     0.00001     0.38410     1.00000           1   0.00000E+000   0.00000E+000   0.00000E+000
  170   332.94400     0.00000     0.00000     0.00000     0.00000     0.00000  1000.00000     0.00000   332.94400    -0.30580     0.99999     0.00003     0.87786     1.00000           1   0.00000E+000   0.00000E+000   0.00000E+000
  171   329.88600     0.00000     0.00000     0.00000     0.00000     0.00000  1000.00000     0.00000   329.88600    -0.27920     1.00000     0.00003     0.80151     1.00000           1   0.00000E+000   0.00000E+000   0.00000E+000
  172   327.09400     0.00000     0.00000     0.00000     0.00000     0.00000  1000.00000     0.00000   327.09400    -0.19670     1.00000     0.00002     0.56467     1.00000           1   0.00000E+000   0.00000E+000   0.00000E+000
  173   325.12700     0.00000     0.00000     0.00000     0.00000     0.00000  1000.00000     0.00000   325.12700    -0.17763     1.00000     0.00002     0.50992     1.00000           1   0.00000E+000   0.00000E+000   0.00000E+000
  174   336.53100     0.00000     0.00000     0.00000     0.00000     0.00000  1000.00000     0.00000   336.53100    -0.14870     1.00000     0.00001     0.42688     1.00000           1   0.00000E+000   0.00000E+000   0.00000E+000
  175   335.04400     0.00000     0.00000     0.00000     0.00000     0.00000  1000.00000     0.00000   335.04400    -0.05388     1.00000     0.00001     0.15468     1.00000           1   0.00000E+000   0.00000E+000   0.00000E+000
  176   392.69200     0.00000     0.00000     0.00000     0.00000     0.00000  1000.00000     0.00000   392.69200    -0.45810     0.99999     0.00005     1.31506     0.63801           1   0.00000E+000   0.00000E+000   0.00000E+000
  177   388.11100     0.00000     0.00000     0.00000     0.00000     0.00000  1000.00000     0.00000   388.11100    -0.50360     1.00000     0.00005     1.44569     0.50293           1   0.00000E+000   0.00000E+000   0.00000E+000
  178   383.07500     0.00000     0.00000     0.00000     0.00000     0.00000  1000.00000     0.00000   383.07500    -0.39320     1.00000     0.00004     1.12877     0.84541           1   0.00000E+000   0.00000E+000   0.00000E+000
  179   379.14300     0.00000     0.00000     0.00000     0.00000     0.00000  1000.00000     0.00000   379.14300    -0.16870     1.00000     0.00002     0.48429     1.00000           1   0.00000E+000   0.00000E+000   0.00000E+000
  180   377.45600     0.00000     0.00000     0.00000     0.00000     0.00000  1000.00000     0.00000   377.45600    -0.10990     1.00000     0.00001     0.31549     1.00000           1   0.00000E+000   0.00000E+000   0.00000E+000
  181   376.35700     0.00000     0.00000     0.00000     0.00000     0.00000  1000.00000     0.00000   376.35700    -0.16750     1.00000     0.00002     0.48084     1.00000           1   0.00000E+000   0.00000E+000   0.00000E+000
  182   374.68200     0.00000     0.00000     0.00000     0.00000     0.00000  1000.00000     0.00000   374.68200    -0.24200     1.00000     0.00002     0.69471     1.00000           1   0.00000E+000   0.00000E+000   0.00000E+000
  183   372.26200     0.00000     0.00000     0.00000     0.00000     0.00000  1000.00000     0.00000   372.26200    -0.32730     1.00000     0.00003     0.93958     1.00000           1   0.00000E+000   0.00000E+000   0.00000E+000
  184   368.98900     0.00000     0.00000     0.00000     0.00000     0.00000  1000.00000     0.00000   368.98900    -0.34430     1.00000     0.00003     0.98839     1.00000           1   0.00000E+000   0.00000E+000   0.00000E+000
  185   365.54600     0.00000     0.00000     0.00000     0.00000     0.00000  1000.00000     0.00000   365.54600    -0.33210     1.00000     0.00003     0.95337     1.00000           1   0.00000E+000   0.00000E+000   0.00000E+000
  186   362.22500     0.00000     0.00000     0.00000     0.00000     0.00000  1000.00000     0.00000   362.22500    -0.30070     1.00000     0.00003     0.86323     1.00000           1   0.00000E+000   0.00000E+000   0.00000E+000
  187   359.21800     0.00000     0.00000     0.00000     0.00000     0.00000  1000.00000     0.00000   359.21800    -0.23405     1.00000     0.00002     0.67191     1.00000           1   0.00000E+000   0.00000E+000   0.00000E+000
  188   344.53600     0.00000     0.00000     0.00000     0.00000     0.00000  1000.00000     0.00000   344.53600    -0.20370     1.00000     0.00002     0.58477     1.00000           1   0.00000E+000   0.00000E+000   0.00000E+000
  189   342.49900     0.00000     0.00000     0.00000     0.00000     0.00000  1000.00000     0.00000   342.49900    -0.23500     1.00000     0.00002     0.67462     1.00000           1   0.00000E+000   0.00000E+000   0.00000E+000
  190   340.14900     0.00000     0.00000     0.00000     0.00000     0.00000  1000.00000     0.00000   340.14900    -0.21460     1.00000     0.00002     0.61606     1.00000           1   0.00000E+000   0.00000E+000   0.00000E+000
  191   338.00300     0.00000     0.00000     0.00000     0.00000     0.00000  1000.00000     0.00000   338.00300    -0.10409     1.00000     0.00001     0.29881     1.00000           1   0.00000E+000   0.00000E+000   0.00000E+000
  192   401.07300     0.00000     0.00000     0.00000     0.00000     0.00000  1000.00000     0.00000   401.07300    -0.29880     1.00000     0.00003     0.85777     1.00000           1   0.00000E+000   0.00000E+000   0.00000E+000
  193   398.08500     0.00000     0.00000     0.00000     0.00000     0.00000  1000.00000     0.00000   398.08500    -0.28120     1.00000     0.00003     0.80725     1.00000           1   0.00000E+000   0.00000E+000   0.00000E+000
  194   395.27300     0.00000     0.00000     0.00000     0.00000     0.00000  1000.00000     0.00000   395.27300    -0.18251     1.00000     0.00002     0.52392     1.00000           1   0.00000E+000   0.00000E+000   0.00000E+000
  195   355.90800     0.00000     0.00000     0.00000     0.00000     0.00000  1000.00000     0.00000   355.90800    -0.26180     1.00000     0.00003     0.75155     1.00000           1   0.00000E+000   0.00000E+000   0.00000E+000
  196   353.29000     0.00000     0.00000     0.00000     0.00000     0.00000  1000.00000     0.00000   353.29000    -0.16582     1.00000     0.00002     0.47602     1.00000           1   0.00000E+000   0.00000E+000   0.00000E+000
  197   347.94400     0.00000     0.00000     0.00000     0.00000     0.00000  1000.00000     0.00000   347.94400    -0.24098     1.00000     0.00002     0.69180     1.00000           1   0.00000E+000   0.00000E+000   0.00000E+000
  198   412.01000     0.00000     0.00000     0.00000     0.00000     0.00000  1000.00000     0.00000   412.01000    -0.35900     1.00000     0.00004     1.03059     0.96238           1   0.00000E+000   0.00000E+000   0.00000E+000
  199   408.42000     0.00000     0.00000     0.00000     0.00000     0.00000  1000.00000     0.00000   408.42000    -0.23180     1.00000     0.00002     0.66543     1.00000           1   0.00000E+000   0.00000E+000   0.00000E+000
  200   406.10200     0.00000     0.00000     0.00000     0.00000     0.00000  1000.00000     0.00000   406.10200    -0.35561     1.00000     0.00004     1.02085     0.97430           1   0.00000E+000   0.00000E+000   0.00000E+000
  201   350.94500     0.00000     0.00000     0.00000     0.00000     0.00000  1000.00000     0.00000   350.94500    -0.21220     1.00000     0.00002     0.60918     1.00000           1   0.00000E+000   0.00000E+000   0.00000E+000
  202   420.58400     0.00000     0.00000     0.00000     0.00000     0.00000  1000.00000     0.00000   420.58400    -0.44840     1.00000     0.00004     1.28723     0.66786           1   0.00000E+000   0.00000E+000   0.00000E+000
  203   416.10000     0.00000     0.00000     0.00000     0.00000     0.00000  1000.00000     0.00000   416.10000    -0.28921     1.00000     0.00003     0.83024     1.00000           1   0.00000E+000   0.00000E+000   0.00000E+000
  204   439.24500     0.00000     0.00000     0.00000     0.00000     0.00000  1000.00000     0.00000   439.24500    -0.28920     1.00000     0.00003     0.83021     1.00000           1   0.00000E+000   0.00000E+000   0.00000E+000
  205   436.35300     0.00000     0.00000     0.00000     0.00000     0.00000  1000.00000     0.00000   436.35300    -0.36710     1.00000     0.00004     1.05384     0.93417           1   0.00000E+000   0.00000E+000   0.00000E+000
  206   432.68200     0.00000     0.00000     0.00000     0.00000     0.00000  1000.00000     0.00000   432.68200    -0.32290     1.00000     0.00003     0.92696     1.00000           1   0.00000E+000   0.00000E+000   0.00000E+000
  207   429.45300     0.00000     0.00000     0.00000     0.00000     0.00000  1000.00000     0.00000   429.45300    -0.27900     1.00000     0.00003     0.80093     1.00000           1   0.00000E+000   0.00000E+000   0.00000E+000
  208   426.66300     0.00000     0.00000     0.00000     0.00000     0.00000  1000.00000     0.00000   426.66300    -0.42985     1.00000     0.00004     1.23399     0.72604           1   0.00000E+000   0.00000E+000   0.00000E+000
  209   442.82100     0.00000     0.00000     0.00000     0.00000     0.00000  1000.00000     0.00000   442.82100    -0.25286     1.00000     0.00003     0.72590     1.00000           1   0.00000E+000   0.00000E+000   0.00000E+000
  210   448.48800     0.00000     0.00000     0.00000     0.00000     0.00000  1000.00000     0.00000   448.48800    -0.40072     1.00000     0.00004     1.15036     0.82042           1   0.00000E+000   0.00000E+000   0.00000E+000
  211   454.76900     0.00000     0.00000     0.00000     0.00000     0.00000  1000.00000     0.00000   454.76900    -0.44414     1.00000     0.00004     1.27500     0.68110           1   0.00000E+000   0.00000E+000   0.00000E+000
  212   470.32900     0.00000     0.00000     0.00000     0.00000     0.00000  1000.00000     0.00000   470.32900    -0.47300     1.00000     0.00005     1.35785     0.59289           1   0.00000E+000   0.00000E+000   0.00000E+000
  213   465.59900     0.00000     0.00000     0.00000     0.00000     0.00000  1000.00000     0.00000   465.59900    -0.46250     1.00000     0.00005     1.32771     0.62459           1   0.00000E+000   0.00000E+000   0.00000E+000
  214   460.97400     0.00000     0.00000     0.00000     0.00000     0.00000  1000.00000     0.00000   460.97400    -0.43876     1.00000     0.00004     1.25957     0.69791           1   0.00000E+000   0.00000E+000   0.00000E+000
  215   480.77200     0.00000     0.00000     0.00000     0.00000     0.00000  1000.00000     0.00000   480.77200    -0.47310     1.00000     0.00005     1.35814     0.59259           1   0.00000E+000   0.00000E+000   0.00000E+000
  216   476.04100     0.00000     0.00000     0.00000     0.00000     0.00000  1000.00000     0.00000   476.04100    -0.40390     1.00000     0.00004     1.15949     0.80993           1   0.00000E+000   0.00000E+000   0.00000E+000
  217   487.32600     0.00000     0.00000     0.00000     0.00000     0.00000  1000.00000     0.00000   487.32600    -0.46344     1.00000     0.00005     1.33041     0.62173           1   0.00000E+000   0.00000E+000   0.00000E+000
  218   501.13900     0.00000     0.00000     0.00000     0.00000     0.00000  1000.00000     0.00000   501.13900    -0.65520     0.99999     0.00007     1.88088     0.10490           1   0.00000E+000   0.00000E+000   0.00000E+000
  219   494.58700     0.00000     0.00000     0.00000     0.00000     0.00000  1000.00000     0.00000   494.58700    -0.51344     1.00000     0.00005     1.47393     0.47477           1   0.00000E+000   0.00000E+000   0.00000E+000
  220   507.06500     0.00000     0.00000     0.00000     0.00000     0.00000  1000.00000     0.00000   507.06500    -0.41904     1.00000     0.00004     1.20293     0.76065           1   0.00000E+000   0.00000E+000   0.00000E+000
  221   511.95600     0.00000     0.00000     0.00000     0.00000     0.00000  1000.00000     0.00000   511.95600    -0.34585     1.00000     0.00003     0.99284     1.00000           1   0.00000E+000   0.00000E+000   0.00000E+000
  222   516.45900     0.00000     0.00000     0.00000     0.00000     0.00000  1000.00000     0.00000   516.45900    -0.31841     1.00000     0.00003     0.91408     1.00000           1   0.00000E+000   0.00000E+000   0.00000E+000
  223   519.83400     0.00000     0.00000     0.00000     0.00000     0.00000  1000.00000     0.00000   519.83400    -0.33750     1.00000     0.00003     0.96887     1.00000           1   0.00000E+000   0.00000E+000   0.00000E+000
  224   525.65500     0.00000     0.00000     0.00000     0.00000     0.00000  1000.00000     0.00000   525.65500    -0.41161     1.00000     0.00004     1.18162     0.78470           1   0.00000E+000   0.00000E+000   0.00000E+000
  225   532.95000     0.00000     0.00000     0.00000     0.00000     0.00000  1000.00000     0.00000   532.95000    -0.51584     1.00000     0.00005     1.48083     0.46794           1   0.00000E+000   0.00000E+000   0.00000E+000
  226   538.16300     0.00000     0.00000     0.00000     0.00000     0.00000  1000.00000     0.00000   538.16300    -0.52130     1.00000     0.00005     1.49651     0.45250           1   0.00000E+000   0.00000E+000   0.00000E+000
  227   546.74900     0.00000     0.00000     0.00000     0.00000     0.00000  1000.00000     0.00000   546.74900    -0.60713     1.00000     0.00006     1.74290     0.22323           1   0.00000E+000   0.00000E+000   0.00000E+000
  228   556.14400     0.00000     0.00000     0.00000     0.00000     0.00000  1000.00000     0.00000   556.14400    -0.66433     0.99999     0.00007     1.90710     0.08317           1   0.00000E+000   0.00000E+000   0.00000E+000
  229   565.28600     0.00000     0.00000     0.00000     0.00000     0.00000  1000.00000     0.00000   565.28600    -0.55470     1.00000     0.00006     1.59238     0.36037           1   0.00000E+000   0.00000E+000   0.00000E+000
  230   559.73900     0.00000     0.00000     0.00000     0.00000     0.00000  1000.00000     0.00000   559.73900    -0.35950     1.00000     0.00004     1.03203     0.96063           1   0.00000E+000   0.00000E+000   0.00000E+000
  231   572.01800     0.00000     0.00000     0.00000     0.00000     0.00000  1000.00000     0.00000   572.01800    -0.47603     0.99999     0.00005     1.36654     0.58382           1   0.00000E+000   0.00000E+000   0.00000E+000
  232   576.03600     0.00000     0.00000     0.00000     0.00000     0.00000  1000.00000     0.00000   576.03600    -0.28412     1.00000     0.00003     0.81562     1.00000           1   0.00000E+000   0.00000E+000   0.00000E+000
  233   580.34000     0.00000     0.00000     0.00000     0.00000     0.00000  1000.00000     0.00000   580.34000    -0.30434     1.00000     0.00003     0.87368     1.00000           1   0.00000E+000   0.00000E+000   0.00000E+000
  234   591.88500     0.00000     0.00000     0.00000     0.00000     0.00000  1000.00000     0.00000   591.88500    -0.53620     0.99999     0.00005     1.53927     0.41092           1   0.00000E+000   0.00000E+000   0.00000E+000
  235   586.52300     0.00000     0.00000     0.00000     0.00000     0.00000  1000.00000     0.00000   586.52300    -0.43721     1.00000     0.00004     1.25510     0.70280           1   0.00000E+000   0.00000E+000   0.00000E+000
  236   599.79500     0.00000     0.00000     0.00000     0.00000     0.00000  1000.00000     0.00000   599.79500    -0.36910     1.00000     0.00004     1.05959     0.92725           1   0.00000E+000   0.00000E+000   0.00000E+000
  237   596.10400     0.00000     0.00000     0.00000     0.00000     0.00000  1000.00000     0.00000   596.10400    -0.29833     1.00000     0.00003     0.85643     1.00000           1   0.00000E+000   0.00000E+000   0.00000E+000
  238   614.39200     0.00000     0.00000     0.00000     0.00000     0.00000  1000.00000     0.00000   614.39200    -0.58030     1.00000     0.00006     1.66588     0.29230           1   0.00000E+000   0.00000E+000   0.00000E+000
  239   608.58900     0.00000     0.00000     0.00000     0.00000     0.00000  1000.00000     0.00000   608.58900    -0.62184     1.00000     0.00006     1.78512     0.18630           1   0.00000E+000   0.00000E+000   0.00000E+000
  240   624.13300     0.00000     0.00000     0.00000     0.00000     0.00000  1000.00000     0.00000   624.13300    -0.68880     1.00000     0.00007     1.97735     0.02608           1   0.00000E+000   0.00000E+000   0.00000E+000
  241   634.06000     0.00000     0.00000     0.00000     0.00000     0.00000  1000.00000     0.00000   634.06000    -0.70195     0.99999     0.00007     2.01510     0.00000           1   0.00000E+000   0.00000E+000   0.00000E+000
  242   641.25700     0.00000     0.00000     0.00000     0.00000     0.00000  1000.00000     0.00000   641.25700    -0.50891     1.00000     0.00005     1.46093     0.48769           1   0.00000E+000   0.00000E+000   0.00000E+000
  243   646.33500     0.00000     0.00000     0.00000     0.00000     0.00000  1000.00000     0.00000   646.33500    -0.35907     1.00000     0.00004     1.03080     0.96213           1   0.00000E+000   0.00000E+000   0.00000E+000
  244   652.87000     0.00000     0.00000     0.00000     0.00000     0.00000  1000.00000     0.00000   652.87000    -0.46210     1.00000     0.00005     1.32656     0.62581           1   0.00000E+000   0.00000E+000   0.00000E+000
  245   662.29000     0.00000     0.00000     0.00000     0.00000     0.00000  1000.00000     0.00000   662.29000    -0.66610     0.99999     0.00007     1.91218     0.07899           1   0.00000E+000   0.00000E+000   0.00000E+000
  246   669.36600     0.00000     0.00000     0.00000     0.00000     0.00000  1000.00000     0.00000   669.36600    -0.50035     1.00000     0.00005     1.43638     0.51231           1   0.00000E+000   0.00000E+000   0.00000E+000
  247   676.73500     0.00000     0.00000     0.00000     0.00000     0.00000  1000.00000     0.00000   676.73500    -0.52107     1.00000     0.00005     1.49585     0.45314           1   0.00000E+000   0.00000E+000   0.00000E+000
  248   684.57700     0.00000     0.00000     0.00000     0.00000     0.00000  1000.00000     0.00000   684.57700    -0.55452     1.00000     0.00006     1.59187     0.36086           1   0.00000E+000   0.00000E+000   0.00000E+000
  249   693.33400     0.00000     0.00000     0.00000     0.00000     0.00000  1000.00000     0.00000   693.33400    -0.61922     1.00000     0.00006     1.77760     0.19283           1   0.00000E+000   0.00000E+000   0.00000E+000
  250   700.23300     0.00000     0.00000     0.00000     0.00000     0.00000  1000.00000     0.00000   700.23300    -0.48784     1.00000     0.00005     1.40044     0.54882           1   0.00000E+000   0.00000E+000   0.00000E+000
  251   711.96900     0.00000     0.00000     0.00000     0.00000     0.00000  1000.00000     0.00000   711.96900    -0.53180     1.00000     0.00005     1.52665     0.42312           1   0.00000E+000   0.00000E+000   0.00000E+000
  252   706.65100     0.00000     0.00000     0.00000     0.00000     0.00000  1000.00000     0.00000   706.65100    -0.45383     1.00000     0.00005     1.30281     0.65112           1   0.00000E+000   0.00000E+000   0.00000E+000
  253   719.84000     0.00000     0.00000     0.00000     0.00000     0.00000  1000.00000     0.00000   719.84000    -0.55657     1.00000     0.00006     1.59775     0.35532           1   0.00000E+000   0.00000E+000   0.00000E+000
  254   730.00800     0.00001     0.00000     0.00000     0.00000     0.00000  1000.00000     0.00000   730.00800    -0.42100     1.00000     0.00004     1.20858     0.75433           1   0.00000E+000   0.00000E+000   0.00000E+000
  255   725.79800     0.00000     0.00000     0.00000     0.00000     0.00000  1000.00000     0.00000   725.79800    -0.42130     1.00000     0.00004     1.20943     0.75337           1   0.00000E+000   0.00000E+000   0.00000E+000
  256   741.23300     0.00000     0.00000     0.00000     0.00000     0.00000  1000.00000     0.00000   741.23300    -0.79373     0.99999     0.00008     2.27858     0.00000           1   0.00000E+000   0.00000E+000   0.00000E+000
  257   754.71400     0.00000     0.00000     0.00000     0.00000     0.00000  1000.00000     0.00000   754.71400    -0.55060     1.00000     0.00006     1.58062     0.37147           1   0.00000E+000   0.00000E+000   0.00000E+000
  258   749.20800     0.00000     0.00000     0.00000     0.00000     0.00000  1000.00000     0.00000   749.20800    -0.56392     1.00000     0.00006     1.61887     0.33560           1   0.00000E+000   0.00000E+000   0.00000E+000
  259   769.43100     0.00000     0.00000     0.00000     0.00000     0.00000  1000.00000     0.00000   769.43100    -0.60520     1.00000     0.00006     1.73736     0.22812           1   0.00000E+000   0.00000E+000   0.00000E+000
  260   763.37900     0.00000     0.00000     0.00000     0.00000     0.00000  1000.00000     0.00000   763.37900    -0.61271     1.00000     0.00006     1.75893     0.20913           1   0.00000E+000   0.00000E+000   0.00000E+000
  261   778.67600     0.00000     0.00000     0.00000     0.00000     0.00000  1000.00000     0.00000   778.67600    -0.65373     1.00000     0.00007     1.87666     0.10843           1   0.00000E+000   0.00000E+000   0.00000E+000
  262   791.88900     0.00000     0.00000     0.00000     0.00000     0.00000  1000.00000     0.00000   791.88900    -0.50300     1.00000     0.00005     1.44398     0.50466           1   0.00000E+000   0.00000E+000   0.00000E+000
  263   786.85900     0.00000     0.00000     0.00000     0.00000     0.00000  1000.00000     0.00000   786.85900    -0.57863     1.00000     0.00006     1.66109     0.29668           1   0.00000E+000   0.00000E+000   0.00000E+000
  264   801.80400     0.00000     0.00000     0.00000     0.00000     0.00000  1000.00000     0.00000   801.80400    -0.70110     1.00000     0.00007     2.01267     0.00000           1   0.00000E+000   0.00000E+000   0.00000E+000
  265   819.64900     0.00000     0.00000     0.00000     0.00000     0.00000  1000.00000     0.00000   819.64900    -0.68720     1.00000     0.00007     1.97276     0.02976           1   0.00000E+000   0.00000E+000   0.00000E+000
  266   812.77700     0.00000     0.00000     0.00000     0.00000     0.00000  1000.00000     0.00000   812.77700    -0.77592     1.00000     0.00008     2.22743     0.00000           1   0.00000E+000   0.00000E+000   0.00000E+000
  267   831.44700     0.00000     0.00000     0.00000     0.00000     0.00000  1000.00000     0.00000   831.44700    -0.83425     1.00000     0.00008     2.39491     0.00000           1   0.00000E+000   0.00000E+000   0.00000E+000
  268   850.72200     0.00000     0.00000     0.00000     0.00000     0.00000  1000.00000     0.00000   850.72200    -0.78990     1.00000     0.00008     2.26758     0.00000           1   0.00000E+000   0.00000E+000   0.00000E+000
  269   842.82300     0.00000     0.00000     0.00000     0.00000     0.00000  1000.00000     0.00000   842.82300    -0.80441     1.00000     0.00008     2.30924     0.00000           1   0.00000E+000   0.00000E+000   0.00000E+000
  270   861.45100     0.00000     0.00000     0.00000     0.00000     0.00000  1000.00000     0.00000   861.45100    -0.75866     1.00000     0.00008     2.17791     0.00000           1   0.00000E+000   0.00000E+000   0.00000E+000
  271   874.08500     0.00000     0.00000     0.00000     0.00000     0.00000  1000.00000     0.00000   874.08500    -0.89337     1.00000     0.00009     2.56461     0.00000           1   0.00000E+000   0.00000E+000   0.00000E+000
  272   887.67200     0.00000     0.00000     0.00000     0.00000     0.00000  1000.00000     0.00000   887.67200    -0.96076     0.99999     0.00010     2.75804     0.00000           1   0.00000E+000   0.00000E+000   0.00000E+000
  273   897.62600     0.00000     0.00000     0.00000     0.00000     0.00000  1000.00000     0.00000   897.62600    -0.70386     1.00000     0.00007     2.02059     0.00000           1   0.00000E+000   0.00000E+000   0.00000E+000
  274   909.17000     0.00001     0.00000     0.00000     0.00000     0.00000  1000.00000     0.00000   909.17000    -0.81629     1.00000     0.00008     0.00000     0.00000           0   0.00000E+000   0.00000E+000   0.00000E+000
